270 47 187 3 14 19 
4433 2629 216 51 32 1505 
1097 6 985 0 8 98 
1438 267 644 30 53 444 
1395 11 1276 25 56 27 
1946 102 57 14 14 1759 
113147 111696 100 77 55 1219 
12122 4397 6291 262 19 1153 
4495 64 3717 297 17 400 
2710 12 1264 105 7 1322 
4222 595 1242 1037 118 1230 
35846 15042 14320 1893 737 3854 
1487 231 335 329 321 271 
1597 365 489 98 262 383 
21555 4969 2324 1014 20 13228 
1539 658 766 13 1 101 
2905 404 438 213 45 1805 
7767 7705 9 50 3 0 
820 545 263 0 5 7 
2571 454 1730 18 39 330 
2385 306 97 65 3 1914 
23287 1111 18115 1826 1171 1064 
3280 2213 358 50 8 651 
7766 7704 0 0 17 45 
27261 7994 14676 1095 711 2785 
4101 726 2221 413 327 414 
2530 0 18 267 2 2243 
6467 635 5591 39 144 58 
4059 462 1553 821 65 1158 
6631 134 4831 177 17 1472 
42897 42897 0 0 0 0 
36451 1747 12442 757 346 21159 
12414 1624 1844 958 10 7978 
10153 46 6023 355 2651 1078 
1925 41 55 112 1 1716 
3128 1131 861 206 77 853 
1495 9 1247 142 6 91 
13034 133 2939 1438 547 7977 
885 170 222 62 187 244 
5682 502 2490 995 608 1087 
3470 842 1096 259 193 1080 
8071 556 270 214 94 6937 
4681 2160 1257 301 186 777 
11697 587 2697 239 187 7987 
12881 541 8058 1982 1297 1003 
7593 979 3343 1178 1267 826 
153578 153578 0 0 0 0 
14937 383 12048 310 70 2126 
5429 47 3034 491 7 1850 
13185 174 1429 6160 4902 520 
5903 366 1539 1054 2063 881 
4015 4015 0 0 0 0 
4015 4015 0 0 0 0 
73286 73286 0 0 0 0 
5795 185 1276 2755 14 1565 
7755 27 4721 21 14 2972 
8949 108 0 91 5 8745 
1089 38 103 115 121 712 
1288 153 761 77 43 254 
1927 136 878 110 14 789 
1134 688 363 0 1 82 
9659 1379 5586 176 189 2329 
406 0 3 9 0 394 
10333 1557 0 2 0 8774 
391 0 300 69 7 15 
1577 17 875 16 35 634 
2201 672 882 47 10 590 
1653 1 128 131 30 1363 
3233 302 1878 45 18 990 
11679 170 5951 438 301 4819 
6692 6692 0 0 0 0 
28341 24947 605 113 71 2605 
12875 3223 2008 566 46 7032 
895 46 356 8 4 481 
6201 2499 2435 184 784 299 
3348 1 3 262 2 3080 
10974 4081 6704 31 12 146 
7450 651 3192 444 314 2849 
8241 2061 3503 174 21 2482 
1717 105 733 85 84 710 
14543 5016 5307 382 102 3736 
4644 127 2960 196 25 1336 
6936 1805 1987 61 40 3043 
26366 5155 12318 707 512 7674 
3284 105 2764 14 18 383 
613 22 153 31 0 407 
7173 2406 3472 416 130 749 
2703 433 985 97 7 1181 
24252 22137 1294 189 258 374 
2268 51 269 486 2 1460 
10510 649 8008 114 298 1441 
5639 1286 4259 8 85 1 
2578 10 2 101 3 2462 
1436 65 1277 11 0 83 
1759 165 276 35 13 1270 
4650 62 3371 301 180 736 
2517 105 339 43 25 2005 
13287 289 2804 495 8 9691 
9828 43 6554 1220 271 1740 
6958 288 515 56 14 6085 
511 96 359 13 3 40 
3819 168 358 162 25 3106 
948 1 3 15 23 906 
4141 143 2001 229 40 1728 
6333 533 3485 286 8 2021 
294 9 123 1 0 161 
3743 14 91 176 2 3460 
1524 106 573 33 103 709 
12022 4629 4451 151 163 2628 
383 23 126 8 11 215 
62 1 11 0 0 50 
5606 371 3775 120 37 1303 
854 2 112 4 0 736 
1293 17 807 16 7 446 
6114 2665 782 82 28 2557 
572 119 328 6 0 119 
1056 241 281 154 6 374 
1255 1255 0 0 0 0 
5789 339 1380 894 2433 743 
24175 20300 315 25 40 3495 
9327 50 861 221 2 8193 
2325 12 1921 18 2 372 
2185 106 133 160 10 1776 
14905 7638 4359 135 65 2708 
1734 196 948 47 25 518 
2648 204 1060 133 6 1245 
8192 299 5708 93 97 1995 
13738 5996 1720 128 28 5866 
2323 1922 401 0 0 0 
19461 9231 7953 790 1006 481 
6619 185 1852 184 664 3734 
380 89 78 7 20 186 
4084 25 1841 127 8 2083 
5505 258 1405 418 62 3362 
1537 67 1344 9 9 108 
1141 6 889 17 21 208 
1620 992 628 0 0 0 
6442 1231 3876 894 155 286 
3928 65 625 64 5 3169 
361 4 340 10 1 6 
2229 13 11 57 5 2143 
3522 3217 224 58 7 16 
8750 384 6877 129 66 1294 
5889 136 1834 138 30 3751 
23057 9465 6415 561 247 6369 
1852 36 135 305 18 1358 
17503 1838 3670 2027 128 9840 
4024 16 345 70 96 3497 
6902 537 2681 974 52 2658 
15621 30 698 1243 59 13591 
2483 87 2382 8 3 3 
7126 1559 1857 40 37 3633 
10698 772 6605 114 81 3126 
3438 8 35 53 3 3339 
713 20 566 6 4 117 
6064 88 2270 1030 501 2175 
370 1 362 3 2 2 
1339 20 516 46 38 719 
11689 8151 2087 109 14 1328 
4478 2625 964 60 17 812 
2457 113 663 73 17 1591 
4158 3233 467 25 35 398 
1164 466 658 0 0 40 
1477 51 554 14 3 855 
16261 16261 0 0 0 0 
5514 4278 986 13 170 67 
7158 63 2823 148 116 4008 
16229 16229 0 0 0 0 
3820 138 812 1056 172 1642 
5039 93 98 154 14 4680 
7260 649 5455 51 224 881 
8901 213 4092 848 172 3576 
908 17 353 13 2 523 
4155 92 3484 64 53 462 
4206 92 647 111 11 3345 
638 5 533 7 6 87 
1183 119 452 45 4 563 
1473 76 1284 8 1 104 
6801 147 585 303 9 5757 
9486 106 3766 1733 184 3697 
5696 1765 2349 83 257 1242 
11109 945 5846 196 145 3977 
1557 50 498 129 16 864 
757 2 604 20 0 131 
8875 638 6141 96 174 1826 
26115 24260 647 20 21 1167 
4539 3 4520 7 4 5 
2813 682 603 726 213 589 
4828 2650 94 91 12 1981 
5351 330 1660 856 126 2379 
21818 4529 9902 862 751 5774 
2899 56 2040 40 5 758 
9779 47 1688 786 685 6573 
3251 98 374 267 14 2498 
1084 67 772 0 36 209 
613 31 310 22 8 242 
298 1 0 21 0 276 
4126 77 3124 39 49 837 
2442 355 897 478 214 498 
431 264 149 1 0 17 
8387 112 1274 937 83 5981 
204 9 157 3 8 27 
4859 69 4182 64 27 517 
13508 7007 6494 0 7 0 
4650 229 4134 19 21 247 
3790 4 931 50 170 2635 
3165 165 837 590 22 1551 
7900 151 3587 44 9 4109 
7309 38 553 390 59 6269 
12696 427 9568 356 1001 1344 
7019 7 203 585 61 6163 
4088 160 3656 15 64 193 
9126 635 2232 362 21 5876 
1207 472 323 46 5 361 
253 1 0 12 41 199 
1122 10 353 27 2 730 
2250 33 340 53 2 1822 
5653 70 5308 101 0 174 
2077 1273 567 0 15 222 
1452 281 861 2 0 308 
6517 1764 1355 314 41 3043 
3299 214 1944 189 88 864 
5566 8 4885 38 544 91 
3067 288 2445 51 31 252 
4593 176 2448 83 27 1859 
3284 250 413 79 3 2539 
1247 34 206 15 17 975 
4715 5 2520 125 360 1705 
4495 9 29 581 16 3860 
7379 109 3101 1358 151 2660 
14300 758 4544 501 301 8196 
6821 5980 351 24 14 452 
4197 215 2444 509 50 979 
2481 81 1101 101 48 1150 
1475 109 89 17 8 1252 
827 47 777 2 0 1 
6764 236 2111 271 286 3860 
2889 57 2738 40 21 33 
2398 50 375 431 26 1516 
7016 151 5242 179 496 948 
5237 128 1749 262 19 3079 
5186 1682 2645 35 123 701 
10360 6618 3007 9 10 716 
3116 1059 1110 22 0 925 
4738 3833 79 76 13 737 
8472 130 4759 171 63 3349 
1219 17 719 3 41 439 
4289 2186 2100 0 0 3 
3082 1117 1011 26 17 911 
12698 5141 934 155 5 6463 
10271 2535 3281 162 53 4240 
4081 177 965 162 2 2775 
4023 215 11 46 0 3751 
5520 423 2603 255 71 2168 
1990 34 248 112 10 1586 
3084 162 1553 146 50 1173 
1075 62 559 77 70 307 
3365 434 2231 48 166 486 
3315 165 1964 93 24 1069 
1243 1 1185 7 45 5 
8120 71 1203 234 103 6509 
3809 1462 632 21 97 1597 
3990 237 1971 104 15 1663 
1794 3 9 11 0 1771 
763 15 663 17 7 61 
12071 5801 537 210 45 5478 
321 32 209 4 1 75 
4264 60 2769 38 71 1326 
6953 5377 539 27 18 992 
3586 238 785 47 10 2506 
13436 42 9450 464 248 3232 
3636 101 1681 21 10 1823 
2716 49 201 56 3 2407 
1280 151 286 45 14 784 
954 48 465 32 34 375 
1888 136 861 32 40 819 
5882 828 4447 66 52 489 
1423 692 701 15 8 7 
1743 350 287 861 86 159 
2863 15 157 631 742 1318 
8978 650 4401 462 10 3455 
6748 5489 415 287 3 554 
2001 56 878 25 1 1041 
1569 169 1307 24 17 52 
5028 95 1351 80 23 3479 
1272 412 601 3 73 183 
4700 21 2596 109 18 1956 
2389 15 990 119 18 1247 
3059 202 2742 20 25 70 
4905 8 532 822 6 3537 
3239 2058 925 24 35 197 
1388 223 391 26 14 734 
7542 171 4240 385 87 2659 
4966 505 1820 58 17 2566 
2162 30 1678 21 7 426 
2283 223 457 287 3 1313 
2380 13 2242 57 2 66 
2724 123 814 96 247 1444 
1003 344 426 158 21 54 
3900 125 2631 123 21 1000 
2170 17 12 158 7 1976 
3930 173 1868 338 134 1417 
880 12 50 9 1 808 
687 244 439 2 0 2 
2529 732 1580 22 0 195 
624 27 102 37 11 447 
4358 803 2615 119 31 790 
2982 32 7 67 2 2874 
236 2 3 9 0 222 
393 57 295 7 3 31 
4533 81 225 45 3 4179 
3977 1122 1657 77 31 1090 
2030 1168 706 14 26 116 
10107 5866 1932 188 287 1834 
487 55 348 0 1 83 
8222 2578 262 55 89 5238 
1232 66 1087 10 0 69 
13858 2491 5019 306 18 6024 
582 3 570 4 1 4 
1186 114 180 31 12 849 
5348 4531 261 3 10 543 
681 35 296 39 5 306 
2673 237 2195 17 31 193 
741 0 4 0 0 737 
1200 179 802 44 63 112 
4039 220 2630 96 60 1033 
4651 3383 1138 2 21 107 
6595 193 1704 155 46 4497 
2891 542 666 142 31 1510 
2376 18 1140 353 0 865 
2831 441 982 100 43 1265 
3141 2456 546 5 0 134 
1601 78 1170 40 20 293 
18137 30 423 6127 4371 7186 
7158 5463 1246 41 11 397 
430 43 183 5 15 184 
956 31 833 26 10 56 
1494 102 506 132 17 737 
1288 17 80 101 0 1090 
5259 1664 700 62 0 2833 
2696 1196 1228 100 25 147 
2796 588 10 22 2 2174 
6427 2503 1387 164 77 2296 
663 91 2 0 0 570 
3934 74 945 574 241 2100 
2823 21 2273 27 36 466 
2566 1281 1244 4 0 37 
2734 44 1754 29 592 315 
3161 776 420 99 0 1866 
9123 85 6075 179 200 2584 
3060 158 199 38 232 2433 
1221 443 614 40 0 124 
1765 442 728 17 11 567 
6940 36 3478 179 229 3018 
646 80 234 5 1 326 
443 8 140 81 0 214 
4555 331 725 195 117 3187 
3328 464 613 224 27 2000 
1542 330 629 17 10 556 
296 75 123 2 1 95 
881 4 816 24 2 35 
1875 215 1651 3 3 3 
4432 17 1794 147 4 2470 
4853 1098 1979 461 63 1252 
6196 20 2641 316 22 3197 
110 5 103 2 0 0 
4371 10 3812 239 67 243 
2427 373 1729 27 17 281 
548 77 233 3 14 221 
1226 96 703 70 14 343 
5266 1314 3026 316 243 367 
143 26 16 13 1 87 
12001 351 4149 290 574 6637 
4500 1797 1338 263 137 965 
4073 344 1455 290 29 1955 
1662 346 206 54 4 1052 
2728 54 873 198 22 1581 
873 37 696 8 33 99 
4405 133 1137 127 76 2932 
376 50 125 48 79 74 
1346 56 714 38 22 516 
765 39 42 19 10 655 
5206 926 3012 44 32 1192 
17918 9333 1913 81 167 6424 
664 413 41 201 1 8 
3975 87 1957 138 48 1745 
1944 32 1706 15 16 175 
845 13 35 20 1 776 
6425 28 125 1047 14 5211 
1582 266 401 32 10 873 
1784 95 1047 51 26 565 
2570 147 1505 60 10 848 
454 5 396 6 15 32 
938 10 592 54 2 280 
3153 50 1914 266 23 900 
1050 369 459 7 3 212 
2817 407 1983 43 10 374 
1605 704 7 27 13 854 
7849 2790 3185 198 49 1627 
2080 404 582 251 17 826 
653 16 154 37 0 446 
354 179 170 2 0 3 
588 13 426 56 2 91 
230 2 1 0 2 225 
1700 59 1338 59 17 227 
721 121 247 38 9 306 
1610 95 239 243 41 992 
2148 6 32 66 15 2029 
840 14 398 30 30 368 
1823 62 561 37 13 1150 
4040 64 3097 240 41 598 
407 4 192 12 10 189 
5121 30 3912 334 251 594 
5321 130 4909 32 22 228 
1752 114 617 16 1 1004 
4666 181 2872 399 20 1194 
915 93 219 205 30 368 
4303 315 1480 769 36 1703 
5459 90 3938 479 16 936 
3813 456 110 92 4 3151 
1892 25 964 175 1 727 
649 149 279 17 5 199 
312 69 83 10 3 147 
5143 5143 0 0 0 0 
542 95 405 11 9 22 
1203 15 1019 0 20 149 
8004 42 6161 683 894 224 
538 247 109 31 12 139 
205 0 204 0 0 1 
563 22 73 35 1 432 
2620 537 2013 3 10 57 
1867 108 1399 157 4 199 
2470 355 1109 14 19 973 
756 7 646 6 9 88 
851 5 95 6 19 726 
931 19 907 3 2 0 
2449 154 497 177 14 1607 
920 649 270 0 0 1 
2979 419 1233 63 26 1238 
372 52 61 17 1 241 
4745 1800 358 35 2 2550 
1330 225 134 18 4 949 
1406 76 830 46 48 406 
673 8 304 125 9 227 
136 0 1 5 0 130 
360 38 313 6 3 0 
3755 115 2210 134 335 961 
1070 27 303 97 0 643 
6120 5787 268 59 1 5 
58 12 6 8 3 29 
431 0 6 20 0 405 
3335 103 966 221 35 2010 
4914 1889 1273 57 42 1653 
2068 7 1889 39 8 125 
289 12 193 0 61 23 
1984 12 101 95 0 1776 
1206 0 0 55 0 1151 
2404 0 1565 10 48 781 
3618 93 2168 37 15 1305 
1486 4 632 146 111 593 
1600 18 131 158 22 1271 
1621 13 224 28 4 1352 
1523 13 1293 8 1 208 
1066 226 344 1 3 492 
1932 473 1273 27 40 119 
892 8 80 97 0 707 
712 46 474 0 20 172 
611 23 75 54 1 458 
697 50 626 2 2 17 
1393 206 418 88 20 661 
1432 6 1069 45 101 211 
3734 43 41 48 2 3600 
767 94 96 133 21 423 
5954 3187 1199 137 379 1052 
154 1 11 24 0 118 
273 12 146 11 13 91 
1065 135 379 5 25 521 
833 29 99 22 6 677 
1804 332 481 14 18 959 
1638 66 373 392 101 706 
725 9 36 23 1 656 
293 6 195 1 5 86 
983 29 550 39 19 346 
657 147 173 14 33 290 
4361 441 451 529 5 2935 
914 158 334 45 19 358 
5191 3079 431 132 6 1543 
442 3 2 49 7 381 
1271 493 431 2 17 328 
935 89 598 27 26 195 
98 11 14 4 6 63 
1354 771 244 9 22 308 
453 139 136 57 6 115 
115 5 47 12 5 46 
660 43 83 35 22 477 
1195 26 539 57 39 534 
815 214 346 58 19 178 
882 289 276 10 14 293 
4335 1220 1797 18 5 1295 
2599 98 944 179 55 1323 
24 4 6 0 13 1 
17 0 0 0 0 17 
97 0 46 25 1 25 
365 21 229 24 34 57 
268 4 19 12 21 212 
1495 35 1244 10 10 196 
601 60 303 7 1 230 
377 72 252 4 0 49 
5042 3423 402 19 3 1195 
1046 569 183 9 1 284 
442 37 142 6 22 235 
166 0 2 1 0 163 
415 222 45 68 0 80 
830 120 40 68 11 591 
3384 707 1502 39 2 1134 
296 44 180 24 2 46 
1447 3 1355 13 24 52 
378 45 157 44 52 80 
1872 224 1202 22 4 420 
3001 37 2651 40 23 250 
2359 52 1214 58 3 1032 
1085 73 405 93 8 506 
651 4 6 16 0 625 
2085 117 55 4 16 1893 
5399 894 405 47 222 3831 
3028 2110 839 3 41 35 
139 11 33 4 3 88 
251 33 12 12 78 116 
713 0 587 5 19 102 
689 2 140 4 4 539 
1466 160 922 30 21 333 
6287 6 213 1915 15 4138 
1951 175 190 96 13 1477 
295 2 277 0 14 2 
400 31 1 8 0 360 
995 83 133 224 17 538 
4304 3118 976 1 10 199 
4680 264 434 87 41 3854 
455 29 322 7 0 97 
996 1 685 34 201 75 
1526 418 10 39 9 1050 
1939 75 1680 10 42 132 
1222 88 18 11 0 1105 
8974 360 3744 1066 290 3514 
1353 9 185 24 0 1135 
377 8 328 2 0 39 
507 29 62 3 0 413 
83 13 2 40 0 28 
646 7 31 0 0 608 
131 12 104 3 0 12 
608 0 595 0 3 10 
934 99 183 207 29 416 
758 8 399 49 128 174 
424 65 239 10 21 89 
4448 94 3586 50 23 695 
1218 899 46 5 0 268 
1965 165 1481 31 10 278 
334 54 95 28 4 153 
5009 1690 178 461 165 2515 
2314 52 2140 23 27 72 
2507 79 1600 157 6 665 
1872 107 1381 76 0 308 
38 0 0 2 0 36 
2386 38 907 213 24 1204 
2127 1099 130 40 27 831 
1786 1342 413 0 17 14 
2688 39 1330 42 19 1258 
1381 28 72 213 2 1066 
691 24 52 18 0 597 
42 1 1 0 0 40 
2119 292 1046 76 8 697 
2460 1205 1146 2 4 103 
446 26 387 6 0 27 
3036 34 2728 8 1 265 
1905 27 22 199 10 1647 
1631 26 823 35 6 741 
3129 7 2529 232 33 328 
1403 4 76 144 26 1153 
418 66 197 8 22 125 
3510 106 515 134 10 2745 
124 32 9 6 0 77 
104 2 64 0 0 38 
4050 567 165 137 170 3011 
1260 14 299 97 46 804 
6964 2924 844 93 44 3059 
552 3 163 0 1 385 
3361 17 550 401 0 2393 
3007 1193 1454 2 12 346 
731 497 230 0 3 1 
2668 219 31 84 1 2333 
3503 423 2429 174 52 425 
3181 114 2434 42 39 552 
4395 417 2693 233 58 994 
3079 330 1080 126 19 1524 
329 76 138 18 5 92 
1025 200 418 25 15 367 
1345 30 1218 44 12 41 
3405 1963 230 86 0 1126 
1401 391 671 15 75 249 
2814 99 2360 29 26 300 
3218 28 265 105 19 2801 
2759 2746 3 4 5 1 
2645 25 123 147 3 2347 
209 1 109 42 11 46 
277 3 121 1 53 99 
595 25 450 30 30 60 
250 41 62 3 4 140 
2325 10 837 56 255 1167 
824 44 16 7 4 753 
533 66 447 7 6 7 
1624 286 560 249 26 503 
394 140 67 18 1 168 
5414 32 388 197 54 4743 
191 78 61 9 36 7 
661 37 324 13 9 278 
686 50 450 10 5 171 
174 16 120 10 0 28 
33 3 2 1 0 27 
230 19 127 37 19 28 
79 13 52 5 0 9 
1132 74 738 20 3 297 
66 0 1 49 0 16 
3342 717 1897 15 7 706 
3784 982 1184 209 33 1376 
176 10 119 1 1 45 
523 30 448 5 1 39 
204 2 82 1 5 114 
479 26 168 28 43 214 
524 21 359 16 23 105 
2109 163 830 148 20 948 
2013 59 223 6 23 1702 
81 0 31 0 37 13 
63 28 33 0 1 1 
607 20 308 26 3 250 
528 6 265 42 3 212 
1525 191 1014 18 19 283 
435 10 156 19 9 241 
398 57 213 71 25 32 
972 17 555 73 21 306 
2799 2696 54 8 1 40 
818 697 24 2 0 95 
303 218 61 3 19 2 
1422 310 786 98 13 215 
554 530 16 4 0 4 
105 0 105 0 0 0 
631 27 429 4 95 76 
1367 1308 52 4 0 3 
2036 158 1141 46 19 672 
119 110 3 0 0 6 
1184 78 858 35 11 202 
396 5 383 1 0 7 
4426 2011 1239 145 22 1009 
1169 23 954 53 28 111 
1431 2 543 38 50 798 
1648 85 421 227 4 911 
247 23 166 34 1 23 
304 21 17 21 4 241 
406 406 0 0 0 0 
752 14 300 68 0 370 
2724 68 937 45 42 1632 
1636 67 1048 70 15 436 
1916 14 1285 88 0 529 
73 25 2 28 0 18 
3722 872 2143 89 145 473 
41 5 6 1 0 29 
7225 260 2898 129 16 3922 
1477 1180 6 71 0 220 
1180 1022 136 9 3 10 
80 24 22 2 0 32 
1166 224 658 4 7 273 
644 19 30 14 19 562 
1352 144 412 73 12 711 
667 93 317 42 2 213 
93 13 10 1 14 55 
996 96 532 66 43 259 
877 175 402 56 4 240 
1858 62 1715 8 35 38 
531 49 165 29 8 280 
1166 12 859 62 8 225 
312 5 87 22 0 198 
904 53 313 82 3 453 
261 0 74 0 0 187 
6621 538 360 635 19 5069 
3856 2276 1064 157 8 351 
10654 770 4863 113 102 4806 
5068 15 1403 783 203 2664 
1394 10 1273 89 1 21 
621 43 43 3 0 532 
2127 89 1636 7 14 381 
108 22 82 2 1 1 
205 16 21 30 3 135 
811 19 449 3 0 340 
1553 84 108 72 0 1289 
13 1 0 0 0 12 
1074 26 74 76 7 891 
103 3 27 3 43 27 
3 0 1 0 0 2 
13 1 11 0 0 1 
1010 37 163 263 2 545 
72 66 2 0 0 4 
1872 781 819 15 22 235 
633 89 119 47 10 368 
75 52 21 1 0 1 
1657 28 21 35 4 1569 
4154 202 639 33 22 3258 
180 17 61 25 0 77 
40 0 16 1 0 23 
2033 23 1209 161 27 613 
1881 92 750 50 7 982 
53 3 3 16 4 27 
72 13 20 0 0 39 
3655 209 511 2240 349 346 
41 1 31 0 9 0 
452 35 5 70 0 342 
120 35 77 1 0 7 
137 11 107 0 0 19 
218 11 91 8 1 107 
791 70 216 74 11 420 
6680 1261 1754 209 46 3410 
2716 172 1507 157 62 818 
613 138 89 45 9 332 
36 14 11 0 0 11 
879 92 264 39 3 481 
879 278 449 14 3 135 
295 65 134 25 11 60 
507 21 278 47 1 160 
198 12 7 7 0 172 
4771 17 601 170 8 3975 
245 14 131 22 3 75 
319 24 84 146 7 58 
346 31 160 7 5 143 
116 3 85 1 0 27 
968 176 455 51 6 280 
793 48 548 28 5 164 
1315 1 128 53 4 1129 
2185 95 1483 31 29 547 
222 8 62 33 2 117 
57 5 46 6 0 0 
190 53 98 1 3 35 
1164 237 313 81 20 513 
26 2 10 0 1 13 
72 2 3 24 2 41 
2420 45 2228 67 9 71 
448 186 50 57 0 155 
329 1 66 66 50 146 
334 47 193 45 13 36 
2234 1 16 1022 443 752 
2524 142 1652 38 19 673 
1926 473 1088 13 10 342 
1716 4 130 104 42 1436 
1068 192 180 83 3 610 
560 17 166 44 3 330 
3146 195 1419 393 52 1087 
249 41 46 18 3 141 
335 12 262 5 0 56 
429 4 59 29 0 337 
287 2 3 15 0 267 
615 91 500 15 0 9 
470 57 334 26 43 10 
320 2 143 87 21 67 
1806 37 411 195 18 1145 
82 29 6 6 0 41 
2457 129 1525 68 31 704 
644 134 201 29 19 261 
3220 759 2013 129 264 55 
109 49 35 0 0 25 
201 14 99 6 9 73 
391 172 23 10 2 184 
439 1 136 45 21 236 
122 33 49 22 3 15 
1241 8 314 31 57 831 
2518 854 883 162 154 465 
591 162 293 14 1 121 
2051 314 1053 298 110 276 
459 52 153 9 5 240 
896 351 369 34 0 142 
2392 2047 284 3 0 58 
1506 11 16 127 2 1350 
1557 107 1208 48 38 156 
173 6 124 0 4 39 
253 27 137 3 1 85 
174 17 17 0 0 140 
4742 211 2198 90 229 2014 
1239 218 644 64 10 303 
820 485 220 60 1 54 
101 0 2 7 9 83 
3929 1214 1153 335 120 1107 
521 33 133 22 3 330 
934 57 447 66 41 323 
1590 51 895 24 2 618 
2616 386 360 87 37 1746 
425 75 179 2 2 167 
921 148 497 33 7 236 
1127 45 886 28 20 148 
710 16 34 18 7 635 
158 129 11 6 6 6 
2125 350 350 464 35 926 
996 810 154 4 0 28 
1344 23 1029 10 14 268 
1092 4 41 367 10 670 
2818 55 2252 131 23 357 
487 51 121 16 28 271 
1327 46 280 36 3 962 
2560 10 253 41 6 2250 
418 1 351 1 0 65 
453 10 395 2 11 35 
126 7 75 5 1 38 
3660 94 338 16 50 3162 
865 1 63 4 0 797 
1647 328 350 12 0 957 
200 34 157 0 0 9 
4301 132 2127 656 224 1162 
149 4 59 8 1 77 
1664 43 306 44 0 1271 
3771 46 493 52 1 3179 
293 8 207 24 3 51 
973 35 508 2 7 421 
1410 104 359 185 21 741 
1107 318 267 62 183 277 
1346 271 463 237 61 314 
443 14 77 134 101 117 
702 40 250 70 76 266 
305 77 0 192 36 0 
1511 696 120 75 47 573 
1254 16 1044 32 1 161 
2804 107 490 139 11 2057 
869 142 186 35 0 506 
1486 128 1111 42 21 184 
1844 17 792 299 8 728 
570 69 279 41 23 158 
295 1 85 23 1 185 
888 60 415 14 24 375 
1111 129 886 5 12 79 
2718 92 1695 277 38 616 
921 272 177 15 6 451 
919 15 550 11 2 341 
819 35 81 10 0 693 
1263 1263 0 0 0 0 
830 63 276 97 27 367 
194 88 49 15 2 40 
2996 575 1919 157 67 278 
533 91 314 49 5 74 
1263 1263 0 0 0 0 
331 95 59 27 43 107 
198 53 44 41 34 26 
1284 1000 268 0 0 16 
504 0 90 22 1 391 
1991 31 16 12 8 1924 
30 5 9 2 0 14 
1244 22 345 440 0 437 
756 409 51 19 1 276 
409 12 160 46 3 188 
227 218 6 1 2 0 
4 3 0 0 0 1 
6 0 2 3 0 1 
57 4 5 9 4 35 
1341 57 211 47 0 1026 
5479 4078 1224 6 42 129 
381 28 90 4 0 259 
77 2 62 5 1 7 
1235 119 365 57 7 687 
135 72 37 1 0 25 
487 57 231 4 9 186 
586 425 41 16 2 102 
283 20 258 0 1 4 
282 38 221 1 1 21 
757 1 650 29 0 77 
5 0 2 0 0 3 
1496 322 712 21 27 414 
1262 1007 84 16 4 151 
835 53 111 22 12 637 
1497 69 1001 20 1 406 
1514 63 401 32 1 1017 
250 78 137 5 8 22 
212 11 9 20 0 172 
3521 1080 1899 131 88 323 
3356 98 1468 184 27 1579 
1470 903 121 0 1 445 
960 0 678 229 9 44 
1681 12 0 89 0 1580 
635 31 330 76 14 184 
83 42 41 0 0 0 
12 0 1 0 0 11 
2059 100 1711 8 2 238 
698 5 135 19 3 536 
396 162 157 0 9 68 
192 2 7 70 0 113 
3952 578 1020 14 5 2335 
364 32 74 42 7 209 
108 25 76 0 4 3 
47 35 1 4 0 7 
96 7 25 0 0 64 
2254 27 492 208 40 1487 
158 22 91 0 5 40 
1501 51 757 169 33 491 
279 181 40 7 6 45 
322 20 207 12 52 31 
69 2 43 1 0 23 
555 4 18 5 0 528 
6745 1656 753 288 28 4020 
609 18 537 2 14 38 
2570 71 2461 12 7 19 
1107 328 82 14 1 682 
1844 101 482 141 50 1070 
2104 4 370 39 3 1688 
2117 66 280 52 10 1709 
3676 10 518 134 15 2999 
2903 45 1069 157 3 1629 
18 9 9 0 0 0 
251 19 74 18 12 128 
62 17 2 8 0 35 
128 7 43 20 0 58 
1348 12 737 6 21 572 
405 22 245 3 25 110 
1978 102 1173 51 8 644 
1184 99 778 3 6 298 
1097 91 359 3 0 644 
347 13 212 1 5 116 
2174 34 281 229 9 1621 
221 39 16 3 0 163 
191 11 149 0 1 30 
449 95 117 35 14 188 
2302 2089 123 81 2 7 
954 147 330 20 16 441 
1677 26 1331 134 19 167 
6063 674 2196 1135 1305 753 
1082 51 454 15 4 558 
991 767 142 27 4 51 
85 6 69 4 1 5 
478 18 393 8 12 47 
470 45 346 7 0 72 
114 6 52 17 1 38 
1176 86 276 92 5 717 
1498 49 723 56 31 639 
1113 51 657 16 103 286 
804 60 631 20 6 87 
997 151 421 3 4 418 
714 35 47 58 3 571 
646 12 426 24 3 181 
291 4 76 21 2 188 
213 12 64 58 23 56 
2789 532 1040 15 4 1198 
918 3 755 8 0 152 
818 0 115 10 0 693 
55 1 38 0 8 8 
1102 12 119 273 365 333 
483 8 51 37 121 266 
256 128 109 4 1 14 
1200 117 629 138 31 285 
280 14 140 33 13 80 
1315 361 71 348 0 535 
2532 338 1763 149 16 266 
24 2 0 0 0 22 
1075 106 532 77 7 353 
560 47 337 44 7 125 
2435 943 1435 20 11 26 
1351 106 1092 27 116 10 
44 0 26 17 1 0 
579 2 287 109 59 122 
408 4 99 70 15 220 
5820 473 1648 1076 1874 749 
1182 707 141 13 11 310 
1447 166 951 57 9 264 
673 0 0 2 0 671 
7787 758 2299 1700 1860 1170 
304 61 221 0 0 22 
127 17 74 0 0 36 
130 0 42 19 30 39 
2458 522 481 9 6 1440 
2636 286 1079 66 27 1178 
234 1 201 0 0 32 
680 25 127 38 3 487 
599 71 387 12 0 129 
1067 34 438 105 23 467 
203 12 147 16 1 27 
1139 21 26 83 7 1002 
934 78 675 17 3 161 
410 27 145 56 4 178 
1038 156 794 14 18 56 
1786 49 200 167 11 1359 
115 0 34 4 0 77 
194 36 99 4 0 55 
265 22 54 12 0 177 
3 0 1 0 0 2 
872 62 511 22 0 277 
202 11 152 8 29 2 
424 16 195 6 9 198 
153 32 52 18 0 51 
38 26 0 1 0 11 
526 145 253 45 7 76 
279 13 12 16 0 238 
708 76 274 38 0 320 
1754 166 1474 12 0 102 
3336 85 838 437 57 1919 
6220 46 3234 362 194 2384 
1084 13 986 2 3 80 
495 0 1 24 6 464 
492 49 123 39 0 281 
165 23 77 40 0 25 
761 62 341 4 3 351 
1734 47 51 336 5 1295 
653 105 97 51 37 363 
361 15 7 3 1 335 
230 22 129 41 30 8 
224 2 30 35 0 157 
1739 88 1382 98 58 113 
468 143 168 17 3 137 
404 22 177 164 5 36 
309 150 140 1 5 13 
397 252 8 30 2 105 
606 7 37 1 0 561 
943 97 547 14 2 283 
146 5 0 82 15 44 
637 87 398 33 5 114 
883 122 244 196 19 302 
360 41 43 12 1 263 
605 373 107 12 3 110 
377 6 274 1 2 94 
264 78 105 12 5 64 
654 625 16 5 0 8 
2444 1044 477 44 31 848 
301 22 15 7 13 244 
1238 49 84 175 23 907 
293 1 221 38 0 33 
32 0 12 1 0 19 
419 17 133 49 43 177 
88 13 41 9 0 25 
198 85 51 1 0 61 
1094 69 12 80 10 923 
131 3 102 4 1 21 
127 15 40 12 0 60 
247 49 154 14 0 30 
196 0 84 13 10 89 
1249 69 705 17 2 456 
252 1 238 0 2 11 
139 0 57 5 0 77 
2806 23 399 441 89 1854 
213 4 208 0 0 1 
453 73 165 8 5 202 
396 2 58 0 0 336 
704 27 222 49 3 403 
181 15 143 4 5 14 
12 1 4 0 0 7 
1168 70 106 232 24 736 
1685 1284 229 1 0 171 
617 100 8 25 1 483 
1244 247 111 123 53 710 
971 2 791 0 1 177 
772 26 422 77 12 235 
1145 3 943 68 40 91 
577 9 156 46 12 354 
820 53 466 13 3 285 
1053 268 466 4 21 294 
604 19 448 2 2 133 
291 9 224 3 0 55 
409 22 297 2 0 88 
56 0 56 0 0 0 
312 3 7 3 0 299 
69 3 56 5 0 5 
540 25 295 21 14 185 
3743 424 924 52 12 2331 
993 55 825 4 9 100 
309 127 33 5 3 141 
2975 174 275 253 44 2229 
44 12 31 0 0 1 
217 44 88 6 0 79 
8 0 8 0 0 0 
2028 36 559 160 167 1106 
287 107 65 73 1 41 
1137 104 908 0 9 116 
815 13 599 13 11 179 
2953 10 2429 43 0 471 
2145 14 84 432 1 1614 
407 21 356 5 6 19 
864 595 187 33 12 37 
470 75 177 23 6 189 
1524 38 172 103 1 1210 
486 28 147 52 9 250 
1333 42 189 12 0 1090 
4311 98 3071 202 249 691 
3015 30 91 232 28 2634 
1558 72 55 246 52 1133 
2536 1802 337 9 0 388 
1894 493 91 26 44 1240 
21 3 8 6 0 4 
829 11 706 16 4 92 
2528 81 302 11 15 2119 
1344 143 541 30 3 627 
2142 1826 123 16 28 149 
485 92 136 75 33 149 
119 116 3 0 0 0 
1990 72 1545 80 47 246 
1349 36 535 46 18 714 
705 5 372 39 0 289 
564 33 416 13 15 87 
375 26 267 0 0 82 
463 394 52 1 0 16 
376 68 242 13 3 50 
130 123 7 0 0 0 
473 5 353 1 3 111 
255 3 0 37 0 215 
987 11 649 110 16 201 
379 3 25 6 0 345 
2196 138 827 302 166 763 
917 11 847 3 2 54 
210 11 15 28 18 138 
1598 49 787 225 42 495 
425 13 262 18 5 127 
355 271 16 15 4 49 
189 39 22 10 3 115 
289 18 195 1 0 75 
414 6 277 37 0 94 
444 36 24 75 0 309 
1608 53 822 108 47 578 
166 4 0 0 0 162 
1657 31 481 123 11 1011 
159 19 63 2 6 69 
20 0 17 3 0 0 
28 0 0 7 3 18 
1145 401 594 70 2 78 
136 24 72 13 2 25 
296 24 15 29 0 228 
601 68 221 10 1 301 
111 44 60 0 0 7 
115 7 85 5 0 18 
368 75 253 4 0 36 
2800 41 0 0 0 2759 
1167 1 5 35 0 1126 
593 120 418 12 3 40 
947 420 127 110 2 288 
1358 2 1324 14 1 17 
2561 188 1013 167 6 1187 
238 2 236 0 0 0 
79 75 2 1 0 1 
583 121 234 10 4 214 
344 178 112 1 1 52 
35 1 6 2 1 25 
1093 16 1021 6 20 30 
710 218 198 71 7 216 
67 6 1 1 0 59 
3033 370 602 244 10 1807 
334 79 123 8 1 123 
424 148 193 22 1 60 
458 31 167 80 1 179 
393 78 283 4 2 26 
2566 1653 626 17 6 264 
606 68 171 17 2 348 
1245 36 1123 6 0 80 
193 9 184 0 0 0 
542 13 216 19 2 292 
1753 37 174 87 10 1445 
811 0 49 71 1 690 
2487 550 1637 22 44 234 
175 80 44 43 0 8 
1042 69 916 3 0 54 
1370 69 593 168 19 521 
319 2 132 28 5 152 
414 12 360 0 16 26 
1030 156 396 160 28 290 
101 100 0 0 0 1 
25 22 0 0 0 3 
432 20 232 36 8 136 
151 3 27 0 1 120 
70 39 13 4 0 14 
145 2 105 17 0 21 
210 16 68 18 12 96 
393 2 113 51 3 224 
1311 53 598 130 1 529 
3518 2 0 1406 1677 433 
1605 399 297 98 6 805 
991 45 502 26 47 371 
697 156 108 114 0 319 
592 71 429 30 2 60 
188 11 110 12 0 55 
479 80 80 34 1 284 
770 74 417 131 128 20 
246 17 39 4 43 143 
1401 3 478 106 36 778 
828 18 91 40 9 670 
309 3 31 19 0 256 
582 37 308 27 17 193 
509 40 202 30 4 233 
231 13 39 1 2 176 
171 163 4 1 1 2 
542 123 405 1 5 8 
244 9 211 2 13 9 
887 29 549 4 3 302 
425 70 111 0 1 243 
608 36 535 17 3 17 
1584 1584 0 0 0 0 
353 101 251 0 0 1 
297 297 0 0 0 0 
241 9 232 0 0 0 
195 14 84 16 8 73 
66 2 43 6 1 14 
190 4 99 40 0 47 
403 17 187 83 0 116 
1276 14 9 45 1 1207 
306 176 38 25 22 45 
1358 214 1032 7 1 104 
899 54 46 3 13 783 
503 30 441 2 1 29 
416 42 103 9 0 262 
2407 349 216 277 36 1529 
370 5 111 21 1 232 
3799 11 237 31 8 3512 
1200 75 361 90 3 671 
255 5 228 4 2 16 
332 64 211 5 42 10 
445 418 18 8 0 1 
900 63 729 0 1 107 
1554 39 125 237 13 1140 
45 0 44 0 0 1 
94 18 28 1 11 36 
260 3 252 3 0 2 
848 27 723 20 1 77 
166 40 121 0 0 5 
328 51 61 60 7 149 
618 77 412 9 2 118 
247 49 133 9 6 50 
1567 574 95 55 5 838 
1250 427 54 84 2 683 
145 6 139 0 0 0 
176 22 122 6 1 25 
1270 63 411 66 14 716 
187 106 68 3 0 10 
12 7 5 0 0 0 
1660 357 930 93 15 265 
64 6 33 3 1 21 
111 26 35 17 10 23 
389 56 179 45 7 102 
586 34 63 124 2 363 
1342 69 681 242 1 349 
121 23 59 1 5 33 
296 37 10 3 14 232 
1152 84 220 236 166 446 
534 224 140 39 3 128 
652 64 302 144 72 70 
310 98 207 5 0 0 
527 7 277 42 4 197 
944 280 96 9 3 556 
2063 64 212 357 23 1407 
232 18 134 9 0 71 
686 84 151 2 6 443 
189 26 86 1 0 76 
875 6 257 98 94 420 
1592 69 247 107 2 1167 
1255 818 322 21 35 59 
346 0 0 3 0 343 
776 26 285 16 7 442 
996 150 56 249 4 537 
958 18 26 12 0 902 
252 36 209 0 0 7 
5 1 3 0 0 1 
174 41 120 8 2 3 
1001 123 10 1 1 866 
63 15 22 1 0 25 
1658 82 475 90 0 1011 
1658 79 47 58 0 1474 
62 5 4 2 0 51 
200 6 184 0 8 2 
419 35 330 1 22 31 
710 295 249 4 0 162 
4 0 2 1 0 1 
120 19 97 0 0 4 
269 13 0 0 0 256 
1435 1112 59 14 0 250 
909 438 133 43 43 252 
139 15 92 11 21 0 
508 97 78 18 0 315 
758 12 306 231 1 208 
511 22 1 28 1 459 
177 2 153 7 0 15 
591 36 184 186 49 136 
1751 215 1139 159 94 144 
547 3 83 16 61 384 
2481 289 2002 32 101 57 
300 1 9 7 26 257 
203 13 139 6 25 20 
1031 163 274 22 22 550 
111 0 66 29 11 5 
257 2 90 28 46 91 
1974 53 0 571 1299 51 
47 5 38 0 2 2 
44 2 19 2 1 20 
965 110 116 53 0 686 
174 45 50 0 12 67 
48 12 23 13 0 0 
409 42 314 0 5 48 
2491 51 1228 74 22 1116 
52 0 9 29 2 12 
218 10 194 0 7 7 
486 440 27 2 0 17 
219 35 124 1 0 59 
603 205 201 10 6 181 
138 1 16 2 1 118 
73 21 31 0 0 21 
754 314 378 1 60 1 
360 2 0 0 0 358 
1720 5 1563 19 5 128 
898 543 264 0 0 91 
99 4 21 9 0 65 
138 0 138 0 0 0 
490 113 286 1 0 90 
248 1 2 46 0 199 
19 2 3 0 2 12 
566 34 112 55 32 333 
157 45 55 3 9 45 
315 0 244 35 0 36 
273 5 243 5 3 17 
563 71 268 52 13 159 
429 1 371 2 0 55 
1451 21 450 96 0 884 
7 5 2 0 0 0 
931 81 424 205 0 221 
713 122 404 25 9 153 
83 55 17 7 4 0 
28 1 27 0 0 0 
122 0 110 1 0 11 
227 26 187 9 1 4 
299 178 56 0 1 64 
196 18 41 3 4 130 
372 78 242 0 4 48 
71 9 23 2 1 36 
192 0 29 49 0 114 
73 1 67 1 2 2 
209 16 154 4 3 32 
23 1 20 0 0 2 
210 18 139 8 6 39 
96 2 94 0 0 0 
100 21 12 17 0 50 
693 22 151 2 2 516 
168 9 69 4 4 82 
987 153 599 26 20 189 
256 3 72 4 6 171 
200 1 84 37 11 67 
212 33 176 0 0 3 
440 138 132 18 44 108 
659 234 425 0 0 0 
658 15 516 7 2 118 
2040 745 750 0 0 545 
352 10 32 167 38 105 
15 0 0 1 7 7 
75 28 34 0 0 13 
396 2 87 87 18 202 
427 3 43 6 0 375 
1109 34 67 3 7 998 
747 190 140 41 22 354 
250 0 87 1 6 156 
203 19 32 29 6 117 
246 5 115 3 0 123 
288 0 116 12 40 120 
34 1 20 1 0 12 
248 4 21 14 3 206 
255 31 181 1 2 40 
409 17 296 1 40 55 
592 52 198 9 0 333 
728 645 54 0 29 0 
1224 589 222 21 7 385 
33 0 33 0 0 0 
82 6 72 1 1 2 
444 55 249 14 0 126 
352 37 287 17 7 4 
478 19 303 10 9 137 
190 3 12 4 0 171 
548 187 206 27 12 116 
385 152 215 6 5 7 
85 6 50 7 0 22 
224 8 1 8 12 195 
139 14 54 1 0 70 
679 196 352 0 0 131 
533 68 445 1 18 1 
277 15 126 15 9 112 
206 145 50 5 1 5 
121 11 62 2 1 45 
861 2 15 34 0 810 
285 9 126 4 7 139 
337 0 8 77 50 202 
468 32 216 35 11 174 
231 2 87 0 0 142 
77 2 64 1 2 8 
110 38 65 3 3 1 
183 20 86 17 11 49 
112 0 103 0 0 9 
245 98 110 0 3 34 
12 0 1 2 0 9 
142 8 89 34 0 11 
142 73 32 16 4 17 
185 66 6 5 1 107 
1120 268 713 19 0 120 
85 4 71 2 0 8 
572 15 521 17 2 17 
155 83 41 4 0 27 
175 7 51 10 0 107 
45 2 21 13 0 9 
5 2 3 0 0 0 
59 1 47 2 0 9 
5 0 0 0 0 5 
16 5 10 0 0 1 
52 1 9 1 0 41 
127 6 2 1 7 111 
567 66 183 184 7 127 
153 3 52 40 28 30 
177 6 66 7 0 98 
1197 140 692 67 7 291 
316 92 176 2 4 42 
572 88 165 236 45 38 
943 97 693 26 0 127 
113 1 80 4 2 26 
216 4 36 22 1 153 
925 34 82 15 14 780 
2 0 2 0 0 0 
49 6 32 1 0 10 
16 0 0 1 0 15 
493 6 121 64 16 286 
525 31 222 98 8 166 
1487 1315 172 0 0 0 
419 5 190 6 7 211 
1080 375 135 52 2 516 
431 68 337 2 10 14 
301 86 30 38 23 124 
85 0 1 26 13 45 
1473 112 136 443 3 779 
145 7 8 13 1 116 
182 57 29 0 12 84 
230 16 110 6 0 98 
217 170 21 1 1 24 
120 19 50 4 4 43 
155 75 69 0 0 11 
106 5 7 5 1 88 
156 9 28 6 1 112 
83 1 8 15 16 43 
657 368 289 0 0 0 
85 1 71 1 0 12 
955 23 561 296 45 30 
162 21 79 1 54 7 
344 2 8 16 5 313 
359 5 43 29 18 264 
159 4 2 1 0 152 
325 1 64 193 0 67 
317 16 249 6 24 22 
12 0 12 0 0 0 
193 1 147 1 0 44 
338 57 47 33 1 200 
317 4 51 16 8 238 
1024 633 13 67 5 306 
265 35 117 3 0 110 
980 92 318 71 9 490 
578 2 62 72 0 442 
215 0 2 38 0 175 
73 1 14 1 5 52 
2010 539 1451 0 4 16 
374 2 272 2 5 93 
883 27 588 31 11 226 
382 72 255 3 4 48 
9 5 3 0 0 1 
281 36 104 48 12 81 
150 7 60 6 2 75 
28 0 6 0 16 6 
7 0 0 0 1 6 
427 48 70 39 5 265 
406 27 74 40 4 261 
41 8 22 1 0 10 
41 1 17 2 2 19 
585 49 193 65 17 261 
128 2 22 52 20 32 
98 1 5 21 58 13 
264 24 39 73 34 94 
89 8 13 48 1 19 
126 0 23 1 5 97 
10 5 1 1 0 3 
106 1 28 3 0 74 
35 4 15 1 0 15 
14 11 0 1 0 2 
331 21 243 13 0 54 
135 51 41 6 0 37 
20 16 1 1 0 2 
598 14 225 71 112 176 
90 35 41 3 0 11 
393 13 110 40 6 224 
99 10 7 69 7 6 
191 48 17 0 0 126 
97 11 23 0 0 63 
15 0 15 0 0 0 
212 14 12 8 0 178 
155 11 140 2 1 1 
344 33 194 48 0 69 
225 13 117 7 22 66 
278 245 20 3 0 10 
336 32 5 15 0 284 
151 3 13 12 10 113 
552 23 135 64 22 308 
120 114 6 0 0 0 
1023 79 73 36 5 830 
1082 83 137 70 1 791 
90 31 45 2 3 9 
1020 17 222 76 0 705 
582 46 43 71 0 422 
57 50 0 0 0 7 
101 27 61 4 1 8 
33 3 12 1 2 15 
108 5 99 0 0 4 
691 23 223 47 1 397 
35 26 6 0 0 3 
22 8 1 0 0 13 
94 5 45 9 10 25 
359 3 67 10 2 277 
792 36 539 30 7 180 
220 33 128 21 14 24 
67 2 11 1 1 52 
107 18 29 6 1 53 
814 241 292 67 1 213 
205 15 40 0 11 139 
79 19 0 16 25 19 
35 2 23 3 0 7 
51 2 15 4 2 28 
37 4 27 0 0 6 
120 55 45 1 3 16 
171 13 114 6 0 38 
141 31 25 5 4 76 
127 6 73 4 0 44 
253 8 64 11 0 170 
439 75 186 3 16 159 
270 128 113 4 0 25 
268 13 90 7 3 155 
11 7 3 0 0 1 
700 6 115 26 33 520 
34 0 16 4 1 13 
9 0 7 0 0 2 
13 6 0 0 0 7 
125 3 85 7 0 30 
229 225 3 0 0 1 
356 345 6 1 0 4 
205 3 180 16 1 5 
217 12 38 9 7 151 
29 4 0 0 0 25 
106 5 55 4 2 40 
25 8 8 0 0 9 
129 19 62 3 18 27 
128 0 2 6 6 114 
80 0 74 0 6 0 
384 95 224 0 0 65 
8 3 5 0 0 0 
8 1 0 1 0 6 
470 106 76 10 13 265 
178 39 38 18 0 83 
35 12 8 10 0 5 
145 3 28 3 2 109 
425 114 3 18 0 290 
100 8 28 13 1 50 
132 9 38 21 4 60 
429 111 217 3 7 91 
1351 101 108 372 13 757 
517 10 146 14 1 346 
953 165 298 91 13 386 
3 0 3 0 0 0 
3 0 0 0 0 3 
143 31 43 13 2 54 
100 8 46 6 0 40 
65 33 21 4 0 7 
82 8 37 3 20 14 
7 1 3 1 0 2 
17 1 3 4 1 8 
5 0 2 2 0 1 
87 6 39 0 0 42 
153 16 106 6 1 24 
32 1 0 1 2 28 
45 2 8 5 1 29 
88 70 10 4 0 4 
93 3 59 4 5 22 
235 0 44 26 51 114 
41 15 22 1 0 3 
15 4 3 0 0 8 
371 17 157 30 1 166 
20 1 18 1 0 0 
84 50 33 0 1 0 
47 9 9 1 0 28 
149 16 28 5 1 99 
178 53 57 5 0 63 
550 44 214 80 6 206 
210 106 91 4 0 9 
165 1 78 40 8 38 
7 4 2 0 0 1 
17 1 4 0 0 12 
18 3 7 2 0 6 
944 330 246 188 8 172 
25 3 18 3 0 1 
17 0 6 3 3 5 
69 20 23 3 0 23 
24 0 0 2 0 22 
979 108 513 46 37 275 
289 7 25 9 15 233 
27 2 18 0 0 7 
54 9 8 5 0 32 
57 16 21 8 2 10 
145 20 105 2 6 12 
7 1 0 0 0 6 
32 2 10 5 0 15 
2 0 0 0 0 2 
13 1 1 1 0 10 
191 13 71 12 1 94 
11 0 1 1 1 8 
21 7 2 0 0 12 
9 4 2 0 0 3 
226 31 35 0 0 160 
21 6 11 2 1 1 
63 2 10 2 4 45 
13 1 10 0 0 2 
180 8 70 1 24 77 
359 12 68 84 0 195 
44 4 1 3 0 36 
30 2 2 4 0 22 
585 35 297 12 24 217 
98 1 73 19 1 4 
18 0 1 0 0 17 
108 2 43 19 11 33 
133 25 48 8 4 48 
301 25 163 25 27 61 
207 65 33 38 0 71 
145 30 41 13 0 61 
16 6 10 0 0 0 
120 6 33 18 5 58 
113 0 19 8 0 86 
7 0 0 0 1 6 
311 106 97 29 1 78 
139 50 28 6 0 55 
30 2 22 0 5 1 
18 0 9 0 0 9 
47 31 16 0 0 0 
24 11 10 0 0 3 
5 0 5 0 0 0 
5 0 0 0 0 5 
35 4 4 3 0 24 
676 300 129 121 59 67 
857 49 224 101 1 482 
296 24 191 12 14 55 
2 0 0 1 0 1 
329 19 261 5 5 39 
65 1 41 0 1 22 
73 30 38 0 1 4 
198 20 77 8 1 92 
66 0 26 3 4 33 
31 4 2 0 0 25 
9 1 8 0 0 0 
7 2 1 0 0 4 
72 1 35 10 11 15 
20 0 0 0 0 20 
47 8 6 1 0 32 
29 10 6 2 0 11 
120 36 57 3 4 20 
267 37 157 0 1 72 
95 5 40 3 4 43 
101 26 31 4 0 40 
9 0 3 0 0 6 
50 13 11 12 1 13 
90 15 36 3 0 36 
299 175 73 4 1 46 
101 16 9 5 0 71 
144 49 73 0 0 22 
1 0 1 0 0 0 
27 4 17 1 0 5 
22 0 4 1 0 17 
84 26 11 11 2 34 
38 8 10 6 0 14 
227 9 184 2 0 32 
176 16 84 18 0 58 
46 6 35 3 2 0 
204 36 64 54 2 48 
371 149 70 0 1 151 
204 4 28 9 5 158 
89 1 81 1 2 4 
67 2 61 0 0 4 
337 34 64 9 13 217 
126 16 16 5 7 82 
235 11 149 9 0 66 
96 1 20 9 4 62 
293 107 47 13 2 124 
65 52 5 1 2 5 
264 93 77 7 0 87 
457 19 397 9 5 27 
38 22 8 1 2 5 
379 10 279 21 3 66 
464 138 124 22 39 141 
1043 153 302 47 0 541 
344 40 222 12 0 70 
158 156 1 0 0 1 
96 34 12 1 4 45 
177 32 38 16 7 84 
85 58 25 0 0 2 
168 90 56 4 0 18 
477 35 436 4 2 0 
22 4 14 1 0 3 
579 71 150 38 6 314 
66 0 0 4 0 62 
291 7 115 20 2 147 
25 0 0 0 1 24 
133 18 23 10 3 79 
293 25 226 2 40 0 
16 0 5 0 0 11 
125 10 105 0 0 10 
28 5 15 0 0 8 
3 0 0 0 3 0 
23 1 0 0 0 22 
342 60 46 8 4 224 
60 1 32 2 0 25 
150 13 64 11 3 59 
150 3 139 3 2 3 
191 44 79 0 0 68 
142 22 106 1 13 0 
119 7 27 0 0 85 
420 10 59 5 1 345 
157 7 72 3 0 75 
37 0 27 4 0 6 
78 14 30 3 0 31 
53 1 20 0 1 31 
21 2 15 1 0 3 
5 1 4 0 0 0 
158 16 111 9 22 0 
36 0 0 0 0 36 
349 71 127 12 11 128 
63 5 29 3 0 26 
39 0 33 0 0 6 
36 5 11 1 4 15 
127 3 110 4 0 10 
419 96 305 0 1 17 
499 89 305 7 20 78 
31 0 24 1 0 6 
326 29 89 26 2 180 
91 2 81 0 1 7 
96 4 0 7 0 85 
325 8 168 39 0 110 
71 3 8 21 0 39 
405 363 42 0 0 0 
264 22 140 27 0 75 
67 9 3 1 0 54 
78 31 5 1 0 41 
134 47 75 5 1 6 
89 3 24 19 0 43 
32 8 6 2 3 13 
25 4 2 0 0 19 
1372 0 686 0 0 686 
214 124 79 2 0 9 
285 7 32 5 1 240 
347 11 214 9 0 113 
312 67 94 26 15 110 
352 1 0 121 0 230 
100 0 82 2 4 12 
6 0 5 0 0 1 
37 6 30 0 0 1 
588 139 257 29 5 158 
89 2 71 1 3 12 
200 38 36 3 0 123 
274 10 22 27 1 214 
165 6 65 38 0 56 
39 7 3 6 0 23 
13 2 11 0 0 0 
164 4 144 8 0 8 
44 6 3 0 0 35 
14 12 2 0 0 0 
91 8 60 12 0 11 
194 152 25 5 0 12 
4 0 0 0 0 4 
24 3 6 2 4 9 
618 37 112 78 53 338 
33 4 4 17 0 8 
249 47 168 25 4 5 
183 19 75 1 9 79 
13 1 8 1 1 2 
1103 1056 14 3 7 23 
12 12 0 0 0 0 
89 20 13 0 2 54 
678 6 224 54 10 384 
279 44 195 28 0 12 
247 21 225 0 0 1 
398 35 32 109 0 222 
39 15 5 0 1 18 
25 5 1 0 0 19 
6 3 1 0 0 2 
111 32 51 2 3 23 
11 2 9 0 0 0 
40 5 30 0 0 5 
60 13 40 2 0 5 
656 598 41 3 0 14 
42 36 2 0 0 4 
325 201 118 0 2 4 
257 3 177 4 2 71 
294 29 174 25 2 64 
187 45 33 10 9 90 
177 0 175 1 0 1 
777 115 277 15 2 368 
126 15 33 13 2 63 
1 0 1 0 0 0 
1 0 1 0 0 0 
30 1 0 1 0 28 
522 88 342 34 13 45 
22 1 3 5 0 13 
24 1 3 0 0 20 
2 0 2 0 0 0 
37 1 24 4 1 7 
29 1 10 0 0 18 
74 4 39 4 0 27 
60 2 3 4 0 51 
29 0 11 16 0 2 
66 6 49 8 0 3 
13 0 10 1 0 2 
35 2 14 1 7 11 
638 28 330 52 24 204 
379 90 89 35 3 162 
5 0 5 0 0 0 
13 0 10 0 0 3 
1 0 1 0 0 0 
21 0 1 0 0 20 
622 237 53 63 4 265 
518 1 354 1 2 160 
231 75 76 19 0 61 
91 29 33 5 0 24 
191 64 84 3 0 40 
56 6 45 0 0 5 
77 7 34 10 0 26 
495 39 382 20 7 47 
139 38 50 3 4 44 
105 0 102 3 0 0 
325 69 117 16 3 120 
445 246 4 46 0 149 
37 11 11 4 1 10 
46 0 46 0 0 0 
46 0 0 0 0 46 
112 18 52 3 7 32 
187 20 109 11 5 42 
226 23 78 18 6 101 
6 2 3 1 0 0 
17 2 14 1 0 0 
39 10 4 2 0 23 
358 106 162 16 20 54 
98 37 30 14 5 12 
324 86 33 11 6 188 
234 16 85 13 0 120 
116 20 69 3 0 24 
77 11 6 3 0 57 
5 0 1 2 0 2 
107 2 94 6 1 4 
256 7 50 53 2 144 
36 35 0 0 0 1 
204 20 139 1 0 44 
27 2 11 3 0 11 
5 0 5 0 0 0 
317 3 166 19 6 123 
182 14 99 21 17 31 
128 40 17 7 2 62 
192 15 78 45 0 54 
14 9 2 1 0 2 
84 47 37 0 0 0 
12 11 0 1 0 0 
19 6 13 0 0 0 
46 36 9 1 0 0 
51 0 47 1 0 3 
31 17 3 0 0 11 
538 72 93 36 1 336 
31 16 13 1 0 1 
36 10 15 1 2 8 
154 9 96 5 0 44 
2 0 0 0 0 2 
36 14 22 0 0 0 
3 0 1 0 0 2 
788 25 659 6 0 98 
132 123 6 1 0 2 
381 97 252 10 1 21 
2 0 1 0 0 1 
139 21 68 2 2 46 
295 47 79 12 2 155 
9 0 1 0 8 0 
290 29 15 0 0 246 
214 20 135 0 1 58 
120 47 26 11 10 26 
132 4 44 25 4 55 
7 7 0 0 0 0 
25 1 21 0 0 3 
292 23 218 11 0 40 
188 0 184 4 0 0 
632 8 514 90 8 12 
274 22 48 1 0 203 
247 9 193 18 1 26 
166 8 34 0 1 123 
17 0 10 0 0 7 
32 28 0 0 0 4 
110 4 87 5 0 14 
96 10 32 2 17 35 
190 8 127 10 3 42 
105 6 30 0 7 62 
488 188 271 5 9 15 
236 1 57 50 12 116 
193 25 107 1 5 55 
256 225 22 0 3 6 
35 0 35 0 0 0 
149 6 0 0 0 143 
48 4 44 0 0 0 
22 1 4 0 0 17 
135 2 107 5 4 17 
87 16 11 22 0 38 
37 0 29 2 0 6 
135 111 15 1 3 5 
165 108 1 0 0 56 
597 3 546 3 0 45 
16 0 4 0 1 11 
426 51 33 43 7 292 
15 7 2 1 0 5 
15 0 0 0 0 15 
685 3 298 15 29 340 
441 35 129 25 12 240 
104 26 11 22 0 45 
79 5 6 3 2 63 
440 28 15 84 0 313 
144 0 136 0 0 8 
16 5 7 1 0 3 
138 2 111 1 14 10 
168 54 79 9 10 16 
164 29 46 9 1 79 
27 1 7 0 19 0 
155 3 147 0 0 5 
20 1 2 0 1 16 
15 0 0 1 0 14 
63 6 35 1 0 21 
631 95 395 10 18 113 
167 157 4 2 0 4 
6 0 0 0 0 6 
94 11 45 8 0 30 
44 13 0 0 0 31 
70 9 20 3 0 38 
163 89 32 13 2 27 
8 0 8 0 0 0 
97 2 49 1 9 36 
365 70 85 29 61 120 
211 15 30 113 0 53 
82 31 6 2 0 43 
84 2 66 3 3 10 
28 2 12 0 0 14 
11 0 0 3 0 8 
125 29 37 16 1 42 
71 28 19 2 0 22 
103 25 11 0 0 67 
450 65 69 19 9 288 
220 19 198 0 0 3 
126 23 70 14 0 19 
53 12 19 0 0 22 
325 116 88 34 1 86 
422 16 221 25 16 144 
327 98 153 8 5 63 
21 1 0 1 2 17 
49 6 26 5 0 12 
26 0 0 0 0 26 
165 48 14 8 0 95 
9 0 9 0 0 0 
415 267 91 5 0 52 
159 4 121 16 1 17 
196 24 0 1 1 170 
354 18 176 110 11 39 
349 122 175 19 2 31 
105 7 25 1 1 71 
262 11 54 50 4 143 
1345 1 1210 26 2 106 
454 19 290 25 2 118 
188 46 96 3 1 42 
471 104 356 0 1 10 
56 4 6 34 11 1 
38 0 31 0 0 7 
82 22 57 0 1 2 
7 0 6 0 0 1 
115 1 5 23 10 76 
51 13 26 1 1 10 
46 6 5 6 1 28 
110 95 3 0 8 4 
1650 178 1174 12 0 286 
26 25 0 0 0 1 
137 5 68 24 0 40 
34 0 23 2 0 9 
59 3 25 0 0 31 
33 6 19 6 0 2 
88 19 13 3 2 51 
998 47 420 73 4 454 
97 56 3 3 0 35 
462 24 293 2 6 137 
129 8 32 0 0 89 
237 32 105 60 0 40 
131 98 23 5 5 0 
375 6 280 60 11 18 
19 0 19 0 0 0 
64 2 58 2 1 1 
67 6 22 3 1 35 
12 0 6 0 0 6 
57 0 0 32 0 25 
277 85 159 4 10 19 
74 19 51 1 0 3 
91 20 63 1 0 7 
26 1 16 2 0 7 
242 156 43 7 2 34 
144 7 68 18 8 43 
64 1 62 0 0 1 
918 30 57 77 13 741 
40 1 33 0 0 6 
56 10 22 9 0 15 
101 13 42 0 11 35 
331 189 6 3 5 128 
324 0 20 57 0 247 
514 12 191 5 1 305 
53 0 32 0 0 21 
249 2 222 0 2 23 
61 19 15 0 4 23 
137 5 2 0 0 130 
84 21 28 32 1 2 
188 30 49 16 27 66 
584 0 565 17 0 2 
563 63 197 25 12 266 
123 32 5 12 4 70 
32 0 0 0 0 32 
242 51 109 5 11 66 
386 5 332 6 0 43 
314 11 61 33 0 209 
14 0 5 4 1 4 
140 0 10 23 65 42 
212 31 48 3 0 130 
48 0 31 6 8 3 
45 0 22 7 0 16 
175 0 54 0 120 1 
15 1 2 0 0 12 
19 0 19 0 0 0 
179 17 122 16 17 7 
83 2 31 31 12 7 
560 274 60 4 1 221 
88 43 39 0 3 3 
82 1 36 1 0 44 
119 1 54 24 23 17 
7 0 7 0 0 0 
133 0 48 17 57 11 
139 94 3 0 3 39 
374 66 73 27 31 177 
32 0 20 0 0 12 
31 11 0 0 1 19 
351 205 4 13 0 129 
28 0 25 0 0 3 
52 44 3 0 0 5 
31 0 10 11 10 0 
37 0 5 3 3 26 
108 7 30 4 0 67 
87 1 74 0 1 11 
98 0 50 6 1 41 
382 173 68 18 3 120 
58 0 2 2 7 47 
144 82 44 0 13 5 
40 11 28 0 0 1 
81 11 15 7 0 48 
14 3 0 0 0 11 
27 1 7 4 4 11 
622 78 394 46 3 101 
293 66 11 7 13 196 
163 8 75 0 0 80 
74 35 0 0 0 39 
43 2 23 1 1 16 
29 2 1 4 0 22 
401 48 66 27 1 259 
166 9 29 10 2 116 
16 0 0 0 3 13 
147 5 97 0 0 45 
48 10 20 0 3 15 
262 48 155 13 13 33 
58 3 34 0 0 21 
199 4 51 6 11 127 
49 1 37 9 0 2 
89 3 9 4 0 73 
217 8 156 6 2 45 
174 4 163 0 0 7 
71 2 68 0 0 1 
418 38 95 4 1 280 
161 134 6 2 2 17 
333 11 209 38 53 22 
16 2 5 0 0 9 
284 242 14 1 3 24 
121 4 82 2 2 31 
15 0 13 0 0 2 
5 0 2 0 0 3 
67 5 21 3 1 37 
59 0 49 4 5 1 
979 92 580 43 4 260 
427 35 72 13 11 296 
152 20 127 3 1 1 
86 4 29 1 0 52 
108 22 9 8 0 69 
50 1 32 5 0 12 
128 56 34 6 0 32 
66 3 34 12 3 14 
30 3 20 7 0 0 
61 2 47 0 2 10 
39 2 12 3 0 22 
99 33 24 2 36 4 
170 34 51 19 0 66 
1 0 1 0 0 0 
3 0 1 0 1 1 
118 2 29 12 3 72 
107 14 26 9 4 54 
172 23 119 5 1 24 
256 2 8 4 3 239 
31 0 0 19 0 12 
198 7 111 8 0 72 
15 1 14 0 0 0 
49 7 0 8 0 34 
498 35 292 2 0 169 
24 1 7 10 0 6 
679 16 550 27 18 68 
76 18 35 0 0 23 
287 41 110 27 8 101 
9 0 0 0 0 9 
38 11 13 2 1 11 
226 43 139 16 1 27 
644 49 58 119 3 415 
136 14 115 1 4 2 
7 0 0 0 0 7 
46 2 4 5 2 33 
2 0 2 0 0 0 
4 0 0 0 0 4 
90 16 12 2 0 60 
78 2 5 10 5 56 
160 8 100 20 0 32 
372 36 135 48 65 88 
94 10 28 0 0 56 
109 0 109 0 0 0 
2 0 2 0 0 0 
16 0 9 1 0 6 
99 0 28 1 0 70 
40 1 0 3 0 36 
20 2 3 6 0 9 
77 16 19 1 0 41 
176 1 151 4 0 20 
37 2 20 4 0 11 
302 12 27 19 1 243 
134 10 17 6 3 98 
14 0 3 2 0 9 
18 2 6 0 0 10 
27 1 16 2 0 8 
101 4 7 4 7 79 
18 2 13 2 0 1 
82 55 5 0 22 0 
3 1 0 0 0 2 
417 147 31 24 20 195 
54 4 28 2 1 19 
62 7 49 0 0 6 
134 48 22 7 39 18 
4 0 2 0 0 2 
42 2 4 10 0 26 
64 7 0 20 0 37 
33 5 10 0 0 18 
148 1 93 43 2 9 
16 5 11 0 0 0 
108 13 28 4 1 62 
134 34 55 8 20 17 
23 11 11 0 1 0 
58 52 6 0 0 0 
10 0 5 0 0 5 
208 0 0 28 0 180 
11 3 0 1 0 7 
69 10 43 10 1 5 
31 5 23 0 2 1 
229 32 159 6 20 12 
8 1 5 1 0 1 
8 0 1 2 1 4 
143 22 29 24 1 67 
187 54 87 2 2 42 
187 3 8 14 0 162 
1029 76 187 115 0 651 
2 0 2 0 0 0 
7 1 4 1 0 1 
35 1 3 19 0 12 
453 35 203 6 4 205 
222 30 100 7 0 85 
216 26 42 9 2 137 
120 5 69 5 0 41 
121 13 26 6 3 73 
6 0 6 0 0 0 
48 0 13 3 0 32 
33 0 11 7 1 14 
239 71 48 17 2 101 
501 452 27 0 0 22 
185 43 54 18 2 68 
1030 57 604 18 9 342 
113 10 74 4 1 24 
543 13 136 178 8 208 
11 2 0 0 0 9 
135 10 60 19 1 45 
56 0 30 2 0 24 
185 8 50 0 1 126 
155 17 35 0 0 103 
283 9 120 5 2 147 
446 302 76 11 3 54 
11 1 8 0 0 2 
82 3 39 0 0 40 
40 1 19 0 0 20 
42 0 5 1 0 36 
66 2 28 4 1 31 
782 92 380 46 7 257 
23 2 6 3 1 11 
162 75 53 1 0 33 
199 56 116 4 0 23 
2 0 1 1 0 0 
595 15 73 34 50 423 
233 13 139 8 3 70 
24 5 2 1 0 16 
77 1 16 3 0 57 
27 2 3 4 5 13 
233 16 57 2 0 158 
153 12 31 2 0 108 
400 8 101 28 4 259 
77 76 1 0 0 0 
2 0 2 0 0 0 
4 0 3 1 0 0 
87 6 18 18 0 45 
104 29 68 1 0 6 
203 23 125 6 1 48 
2 1 1 0 0 0 
39 14 7 0 0 18 
156 37 51 1 15 52 
291 53 124 11 0 103 
338 25 142 5 7 159 
60 0 34 0 0 26 
361 60 285 2 0 14 
166 32 21 48 0 65 
33 0 33 0 0 0 
38 21 6 3 0 8 
716 15 682 0 0 19 
209 2 64 6 0 137 
127 13 109 2 0 3 
161 24 125 2 0 10 
14 0 0 3 1 10 
44 17 3 1 0 23 
56 6 48 2 0 0 
206 45 45 1 0 115 
13 2 2 0 0 9 
58 5 31 1 0 21 
198 14 113 1 3 67 
122 23 69 10 2 18 
27 7 9 1 1 9 
163 9 143 6 0 5 
144 1 76 2 1 64 
32 5 10 0 0 17 
162 2 44 5 1 110 
538 52 179 31 4 272 
138 22 13 12 2 89 
103 0 0 0 0 103 
32 0 32 0 0 0 
19 0 3 0 0 16 
81 3 7 5 0 66 
245 18 227 0 0 0 
81 75 6 0 0 0 
123 14 36 13 0 60 
215 18 2 4 0 191 
107 2 25 0 0 80 
71 4 65 0 1 1 
47 1 46 0 0 0 
53 13 11 17 0 12 
81 4 28 5 0 44 
15 0 1 0 0 14 
159 9 120 1 5 24 
34 1 24 0 0 9 
273 86 3 16 0 168 
72 12 25 2 2 31 
7 2 3 0 0 2 
24 1 0 0 0 23 
86 0 84 0 0 2 
125 41 57 3 14 10 
56 2 5 5 9 35 
37 5 14 0 0 18 
58 24 29 5 0 0 
19 1 3 0 0 15 
17 13 0 0 0 4 
41 0 13 10 0 18 
33 0 23 1 0 9 
96 4 28 4 0 60 
135 8 38 6 0 83 
37 3 14 0 1 19 
75 0 60 3 0 12 
89 0 19 16 0 54 
54 0 50 4 0 0 
294 19 58 46 4 167 
205 6 38 13 2 146 
214 27 143 6 1 37 
108 0 76 3 2 27 
19 3 9 1 0 6 
21 0 4 12 0 5 
70 4 57 3 0 6 
14 0 0 1 0 13 
133 11 9 16 0 97 
57 5 43 0 4 5 
30 0 1 2 0 27 
45 17 14 0 2 12 
45 10 10 0 1 24 
156 2 9 18 0 127 
158 15 71 18 5 49 
36 16 9 2 0 9 
124 0 121 0 0 3 
121 0 0 31 0 90 
213 7 201 0 0 5 
87 16 55 6 2 8 
57 3 18 2 2 32 
329 29 93 33 0 174 
54 21 24 2 0 7 
112 2 82 9 2 17 
30 12 15 1 0 2 
6 0 0 0 0 6 
64 10 48 0 3 3 
140 6 17 36 0 81 
123 75 35 4 1 8 
206 51 49 17 4 85 
135 64 61 1 0 9 
10 0 10 0 0 0 
68 2 58 5 0 3 
30 2 4 23 0 1 
76 5 11 0 0 60 
92 13 55 0 0 24 
54 38 8 6 2 0 
41 5 0 2 6 28 
56 16 0 2 1 37 
17 0 13 0 0 4 
5 0 5 0 0 0 
207 2 1 2 0 202 
244 9 166 9 0 60 
53 51 2 0 0 0 
8 0 0 2 0 6 
563 2 32 37 0 492 
283 17 97 28 0 141 
75 6 8 0 0 61 
45 3 32 1 0 9 
123 16 76 1 5 25 
517 58 223 50 5 181 
223 20 46 4 0 153 
131 20 41 12 2 56 
251 146 26 2 0 77 
108 3 0 0 0 105 
158 44 45 11 3 55 
4 0 3 0 0 1 
61 0 57 0 1 3 
10 0 0 0 0 10 
95 3 17 4 0 71 
67 14 21 2 6 24 
160 7 102 4 1 46 
248 10 170 15 4 49 
52 36 16 0 0 0 
94 21 47 10 0 16 
312 5 189 5 15 98 
125 23 58 1 10 33 
47 0 0 0 0 47 
391 9 117 25 55 185 
33 6 25 0 0 2 
278 3 136 4 5 130 
44 9 8 5 0 22 
117 6 64 21 3 23 
108 3 2 18 3 82 
35 0 35 0 0 0 
32 3 0 8 0 21 
41 3 11 3 2 22 
60 1 17 0 0 42 
75 0 73 2 0 0 
137 41 21 5 0 70 
257 62 166 0 0 29 
285 33 33 8 0 211 
5 0 1 0 0 4 
144 4 137 1 0 2 
143 9 57 25 11 41 
8 0 0 6 0 2 
533 0 463 21 21 28 
53 15 27 0 10 1 
41 1 37 2 1 0 
35 2 0 6 1 26 
88 17 42 0 6 23 
36 1 14 4 0 17 
83 6 36 2 0 39 
79 37 13 3 0 26 
58 6 34 9 0 9 
5 0 1 0 0 4 
26 4 22 0 0 0 
15 1 2 0 0 12 
154 1 19 1 2 131 
104 5 43 3 2 51 
48 0 0 0 0 48 
5 0 0 4 0 1 
111 4 92 14 1 0 
25 6 10 5 1 3 
17 3 1 0 0 13 
33 11 5 0 2 15 
35 0 34 1 0 0 
34 0 0 0 0 34 
80 16 54 6 0 4 
12 1 8 3 0 0 
44 10 4 16 0 14 
13 3 6 0 0 4 
234 33 91 2 0 108 
127 26 85 1 1 14 
255 29 168 6 2 50 
79 2 23 6 0 48 
22 0 4 0 0 18 
43 1 9 3 0 30 
9 0 0 0 1 8 
137 4 50 8 11 64 
83 2 69 6 0 6 
6 0 6 0 0 0 
6 0 0 6 0 0 
16 0 0 1 0 15 
77 2 2 0 0 73 
78 8 6 0 0 64 
87 7 75 0 5 0 
17 7 0 0 0 10 
2 0 0 2 0 0 
3 0 2 0 0 1 
27 0 11 0 6 10 
2 0 0 0 0 2 
62 2 30 0 9 21 
246 44 75 32 7 88 
14 4 0 6 0 4 
19 2 11 2 2 2 
53 1 9 0 1 42 
26 0 26 0 0 0 
156 4 144 0 3 5 
27 0 3 3 0 21 
16 3 6 0 1 6 
281 9 19 57 14 182 
157 112 38 0 0 7 
43 15 4 1 0 23 
13 1 11 1 0 0 
147 7 113 6 2 19 
18 0 18 0 0 0 
43 11 10 0 0 22 
41 7 14 4 2 14 
48 3 12 0 0 33 
172 73 56 27 1 15 
39 4 27 6 1 1 
4 4 0 0 0 0 
54 9 17 8 0 20 
26 4 11 1 0 10 
64 2 22 14 0 26 
390 45 234 5 4 102 
285 105 0 7 2 171 
81 30 33 2 0 16 
24 0 24 0 0 0 
149 4 70 2 4 69 
96 30 31 0 7 28 
2 1 0 0 0 1 
27 14 0 0 0 13 
133 6 93 4 25 5 
65 1 33 0 0 31 
18 0 0 5 0 13 
3 1 0 0 0 2 
13 1 4 0 0 8 
66 16 21 0 0 29 
25 0 25 0 0 0 
25 0 0 5 0 20 
19 3 1 3 1 11 
109 7 75 1 6 20 
23 8 14 0 0 1 
26 10 2 2 0 12 
8 0 1 0 0 7 
28 0 18 0 0 10 
3 0 0 0 0 3 
25 0 24 0 0 1 
90 1 6 25 0 58 
18 0 9 2 0 7 
5 1 1 0 0 3 
21 1 2 1 0 17 
8 0 1 0 1 6 
2 0 2 0 0 0 
2 0 0 0 0 2 
34 17 7 2 0 8 
52 3 48 0 0 1 
65 21 9 3 3 29 
27 3 15 6 0 3 
17 0 2 0 0 15 
13 0 0 7 1 5 
30 0 0 0 7 23 
96 3 82 4 0 7 
27 0 2 0 0 25 
113 21 66 3 2 21 
252 62 171 0 2 17 
3 1 2 0 0 0 
61 0 60 1 0 0 
9 0 0 0 0 9 
81 4 62 0 0 15 
152 2 5 22 19 104 
9 1 0 0 0 8 
23 3 20 0 0 0 
27 1 14 0 0 12 
67 25 14 3 2 23 
74 0 49 9 13 3 
8 0 0 0 0 8 
5 1 0 0 0 4 
10 0 9 1 0 0 
15 8 0 0 0 7 
24 1 18 0 4 1 
109 3 105 0 1 0 
15 2 5 0 8 0 
77 1 16 10 3 47 
59 5 7 4 0 43 
11 0 4 0 0 7 
4 1 3 0 0 0 
158 150 1 2 0 5 
130 17 45 34 0 34 
97 9 33 2 0 53 
76 3 0 6 0 67 
11 3 3 0 1 4 
124 0 124 0 0 0 
97 0 10 12 0 75 
2 0 2 0 0 0 
13 7 5 0 0 1 
66 24 7 2 1 32 
9 0 8 0 0 1 
295 9 284 0 0 2 
70 3 32 1 7 27 
89 0 13 5 0 71 
15 8 0 4 0 3 
60 31 26 0 1 2 
7 1 0 1 0 5 
16 1 3 0 0 12 
1 0 1 0 0 0 
66 2 34 0 0 30 
222 9 141 14 3 55 
62 9 29 4 5 15 
26 7 4 0 1 14 
22 12 9 0 1 0 
8 0 8 0 0 0 
230 6 123 9 0 92 
107 74 28 2 2 1 
21 3 5 0 1 12 
204 194 10 0 0 0 
35 3 3 8 7 14 
16 0 0 13 0 3 
175 17 131 4 0 23 
140 3 65 0 3 69 
237 9 176 28 0 24 
38 1 6 2 1 28 
71 4 41 3 4 19 
28 0 2 2 2 22 
158 149 3 1 3 2 
373 13 299 1 0 60 
30 1 13 5 0 11 
35 4 27 2 1 1 
119 6 29 10 2 72 
54 15 30 1 2 6 
195 14 35 19 0 127 
163 12 72 4 1 74 
13 2 8 0 0 3 
45 0 0 3 0 42 
73 0 69 0 0 4 
53 0 0 2 0 51 
139 6 22 13 0 98 
142 32 108 0 0 2 
59 18 31 0 1 9 
105 36 17 19 1 32 
139 9 2 0 2 126 
93 17 52 2 2 20 
65 5 40 0 0 20 
138 34 73 2 6 23 
62 1 12 0 0 49 
47 13 29 0 0 5 
75 3 35 7 5 25 
30 8 12 10 0 0 
90 49 34 1 1 5 
88 4 68 4 0 12 
109 16 49 0 1 43 
16 1 3 3 0 9 
3 1 1 0 0 1 
12 0 12 0 0 0 
29 11 7 0 0 11 
96 18 78 0 0 0 
175 11 155 3 5 1 
44 31 13 0 0 0 
73 13 31 9 16 4 
48 6 22 19 0 1 
30 0 20 0 10 0 
155 36 66 11 0 42 
190 5 61 15 0 109 
174 0 167 0 1 6 
20 1 15 1 0 3 
46 2 30 2 1 11 
39 7 22 0 0 10 
104 0 57 20 0 27 
120 10 13 4 0 93 
10 5 5 0 0 0 
3 0 0 3 0 0 
181 14 105 8 1 53 
20 0 18 0 0 2 
81 3 35 11 3 29 
180 3 9 3 0 165 
61 58 3 0 0 0 
31 31 0 0 0 0 
13 8 5 0 0 0 
77 32 1 0 0 44 
177 18 128 0 0 31 
2 0 2 0 0 0 
51 0 51 0 0 0 
74 2 56 0 1 15 
30 11 16 0 0 3 
18 2 9 0 0 7 
25 6 3 0 0 16 
28 0 1 0 0 27 
15 5 0 0 9 1 
3 1 2 0 0 0 
10 1 8 0 1 0 
20 4 12 0 0 4 
76 4 12 0 0 60 
29 1 23 0 0 5 
79 0 75 4 0 0 
72 0 1 61 1 9 
743 127 38 10 9 559 
106 11 5 6 0 84 
77 1 75 1 0 0 
70 0 0 25 0 45 
51 0 51 0 0 0 
75 31 29 0 10 5 
284 8 265 1 0 10 
6 0 6 0 0 0 
10 1 6 0 0 3 
11 6 2 0 2 1 
11 0 0 0 0 11 
5 3 2 0 0 0 
19 3 0 1 0 15 
23 11 6 1 0 5 
98 3 40 9 2 44 
8 0 5 0 0 3 
28 1 14 2 0 11 
24 5 11 2 0 6 
3 2 1 0 0 0 
57 3 26 9 0 19 
16 3 13 0 0 0 
11 1 4 0 0 6 
1 0 1 0 0 0 
1 0 0 0 0 1 
6 1 0 0 0 5 
41 3 9 14 0 15 
133 18 79 14 1 21 
32 7 21 0 0 4 
287 6 196 3 0 82 
127 4 54 4 0 65 
162 4 47 0 0 111 
34 20 14 0 0 0 
102 21 75 4 2 0 
81 1 1 7 1 71 
7 1 1 1 0 4 
39 6 17 1 0 15 
50 1 24 1 0 24 
260 1 235 2 0 22 
10 0 0 0 0 10 
2 0 0 2 0 0 
19 0 3 1 0 15 
1 1 0 0 0 0 
31 28 0 0 0 3 
21 4 12 1 1 3 
29 0 12 2 0 15 
20 0 0 7 1 12 
28 0 14 5 0 9 
15 0 13 0 0 2 
221 7 64 4 65 81 
11 0 3 0 0 8 
10 9 1 0 0 0 
75 11 54 0 3 7 
20 17 2 0 1 0 
43 3 8 1 0 31 
22 2 10 0 0 10 
31 5 23 1 0 2 
33 0 33 0 0 0 
33 8 5 2 0 18 
4 0 0 3 1 0 
72 23 42 1 0 6 
67 2 65 0 0 0 
24 1 14 4 0 5 
49 11 38 0 0 0 
84 19 4 8 2 51 
114 7 17 0 0 90 
11 0 3 0 0 8 
167 15 18 6 17 111 
16 0 0 3 0 13 
54 1 29 3 0 21 
96 22 18 3 2 51 
10 0 10 0 0 0 
46 9 7 5 8 17 
9 0 0 0 0 9 
8 1 0 1 0 6 
17 0 0 4 0 13 
55 9 40 1 0 5 
9 1 5 1 0 2 
246 1 44 121 26 54 
17 0 14 0 3 0 
10 0 0 0 0 10 
104 1 81 8 5 9 
4 0 1 0 0 3 
39 2 27 2 0 8 
9 0 0 0 0 9 
26 2 4 0 0 20 
22 2 0 15 0 5 
97 43 25 3 9 17 
9 1 8 0 0 0 
38 0 0 1 1 36 
60 1 24 13 5 17 
17 3 10 1 0 3 
17 0 16 0 0 1 
10 0 4 0 5 1 
63 4 5 2 2 50 
28 6 3 3 0 16 
91 7 26 0 4 54 
24 0 12 7 0 5 
9 0 9 0 0 0 
60 21 11 1 0 27 
97 4 92 1 0 0 
81 11 4 0 0 66 
44 0 38 3 0 3 
19 8 1 0 0 10 
14 7 0 0 0 7 
44 17 12 2 0 13 
40 2 19 2 0 17 
45 6 35 0 0 4 
26 0 20 0 0 6 
7 0 4 1 0 2 
134 2 27 5 0 100 
94 7 62 0 0 25 
2 0 2 0 0 0 
20 0 2 0 0 18 
93 48 5 3 0 37 
127 6 66 0 0 55 
49 1 38 4 0 6 
31 4 26 1 0 0 
19 3 15 0 0 1 
4 0 0 0 2 2 
29 5 7 8 0 9 
30 4 15 3 0 8 
69 7 26 4 0 32 
20 3 17 0 0 0 
8 1 5 0 0 2 
40 7 23 1 4 5 
143 31 85 6 7 14 
14 12 1 0 0 1 
45 3 29 0 1 12 
58 2 46 0 0 10 
12 6 4 0 0 2 
14 0 0 0 0 14 
572 126 273 30 4 139 
36 5 11 5 0 15 
51 3 12 5 1 30 
21 1 18 0 0 2 
142 1 2 18 0 121 
15 4 11 0 0 0 
45 2 4 5 0 34 
119 3 9 37 2 68 
77 11 59 5 2 0 
13 0 13 0 0 0 
11 0 0 0 0 11 
81 1 75 0 1 4 
26 1 6 1 2 16 
1 0 1 0 0 0 
1 0 0 1 0 0 
39 27 1 5 0 6 
82 4 10 2 0 66 
46 2 14 10 0 20 
5 2 0 2 0 1 
13 2 0 1 0 10 
16 11 4 0 0 1 
31 0 11 1 0 19 
44 1 28 0 5 10 
48 0 9 18 4 17 
35 1 13 1 0 20 
10 0 10 0 0 0 
200 17 93 11 0 79 
147 3 130 1 1 12 
21 1 9 0 0 11 
91 18 63 0 4 6 
12 0 5 2 0 5 
38 1 19 3 0 15 
29 0 0 18 0 11 
18 9 4 0 1 4 
39 24 15 0 0 0 
165 1 48 13 6 97 
119 119 0 0 0 0 
17 0 17 0 0 0 
58 31 15 0 1 11 
29 16 2 0 0 11 
65 4 2 15 36 8 
60 5 44 1 4 6 
25 0 0 3 0 22 
46 8 0 0 0 38 
86 48 35 0 0 3 
31 19 12 0 0 0 
354 4 0 227 123 0 
51 6 26 18 0 1 
218 1 83 76 41 17 
46 0 45 0 0 1 
2 0 0 0 0 2 
13 0 0 0 0 13 
11 0 2 0 9 0 
36 0 0 8 24 4 
55 0 0 4 48 3 
57 0 1 3 38 15 
5 0 0 0 5 0 
32 0 2 4 22 4 
41 0 3 3 34 1 
10 1 9 0 0 0 
30 21 5 2 0 2 
9 4 1 0 1 3 
50 47 1 0 0 2 
42 6 17 17 1 1 
35 25 10 0 0 0 
19 5 5 0 0 9 
26 5 4 7 0 10 
22 1 14 3 0 4 
25 0 7 1 0 17 
228 6 77 56 0 89 
60 1 10 5 1 43 
11 1 8 1 0 1 
16 0 11 3 0 2 
32 15 17 0 0 0 
19 10 9 0 0 0 
77 27 25 9 0 16 
41 2 15 3 2 19 
12 6 2 3 0 1 
27 1 5 6 8 7 
7 1 0 0 0 6 
2 0 0 0 0 2 
28 15 13 0 0 0 
5 0 4 0 0 1 
134 3 99 1 6 25 
12 0 0 1 0 11 
106 9 87 1 3 6 
6 0 0 0 0 6 
34 2 0 6 8 18 
18 0 3 0 0 15 
78 1 0 1 0 76 
56 5 51 0 0 0 
21 7 13 0 0 1 
23 3 20 0 0 0 
50 2 22 11 0 15 
7 0 0 0 0 7 
52 36 12 4 0 0 
30 0 23 0 0 7 
63 10 18 18 1 16 
76 10 66 0 0 0 
25 0 24 1 0 0 
45 0 10 0 0 35 
33 0 0 0 1 32 
35 19 2 0 0 14 
23 0 1 1 0 21 
77 1 75 1 0 0 
4 2 1 0 0 1 
40 16 1 3 0 20 
15 11 0 1 0 3 
21 17 0 1 0 3 
2 0 2 0 0 0 
41 9 29 1 1 1 
52 12 15 6 8 11 
2 2 0 0 0 0 
50 0 50 0 0 0 
16 0 0 4 0 12 
15 0 0 6 0 9 
119 1 25 20 1 72 
9 0 0 1 0 8 
119 0 47 37 11 24 
9 0 5 0 0 4 
4 0 4 0 0 0 
42 34 8 0 0 0 
31 14 13 1 3 0 
145 17 98 0 0 30 
14 3 1 0 0 10 
28 0 11 2 0 15 
17 16 1 0 0 0 
58 11 7 1 0 39 
13 0 13 0 0 0 
21 3 10 1 0 7 
82 2 80 0 0 0 
33 1 16 1 0 15 
9 0 3 0 0 6 
54 3 42 5 0 4 
37 10 5 0 0 22 
33 2 3 0 2 26 
4 0 1 1 1 1 
113 2 76 2 0 33 
25 4 0 1 0 20 
70 61 8 0 0 1 
13 3 2 2 0 6 
57 8 15 1 1 32 
13 4 7 1 0 1 
6 1 0 0 0 5 
54 0 3 11 0 40 
32 0 12 1 0 19 
149 4 62 9 0 74 
8 7 1 0 0 0 
55 2 52 0 0 1 
118 76 30 3 4 5 
86 11 32 13 0 30 
113 0 105 0 0 8 
2 0 2 0 0 0 
9 2 4 0 1 2 
21 0 17 0 0 4 
22 7 4 0 1 10 
55 12 31 0 0 12 
24 0 22 0 0 2 
5 0 5 0 0 0 
111 8 39 11 0 53 
37 15 12 0 0 10 
26 4 7 0 0 15 
30 21 1 0 0 8 
61 1 1 27 0 32 
12 0 12 0 0 0 
1 0 0 0 0 1 
25 14 7 0 0 4 
102 6 63 6 25 2 
26 7 18 0 0 1 
4 0 4 0 0 0 
59 11 12 15 0 21 
4 2 0 0 0 2 
62 62 0 0 0 0 
89 0 0 10 0 79 
67 0 3 27 1 36 
27 3 24 0 0 0 
91 2 22 9 0 58 
137 0 28 44 24 41 
269 15 87 99 38 30 
62 2 16 6 11 27 
44 33 11 0 0 0 
39 15 7 1 1 15 
25 12 5 3 0 5 
3 0 0 0 0 3 
7 3 3 0 0 1 
25 4 13 0 5 3 
89 3 6 21 2 57 
82 12 21 1 1 47 
22 11 5 0 0 6 
26 13 0 0 0 13 
18 0 1 3 10 4 
3 1 0 0 0 2 
1 0 1 0 0 0 
30 5 16 0 0 9 
21 2 9 0 0 10 
35 2 13 7 0 13 
114 29 34 3 14 34 
115 0 26 27 1 61 
40 1 27 0 1 11 
1 1 0 0 0 0 
45 1 20 0 6 18 
24 15 5 1 0 3 
40 0 35 0 0 5 
377 22 91 43 0 221 
19 1 0 2 0 16 
28 5 8 2 4 9 
6 0 4 1 0 1 
22 0 22 0 0 0 
34 1 1 0 1 31 
115 2 57 2 0 54 
34 5 24 0 0 5 
52 25 10 0 0 17 
24 11 6 0 0 7 
106 1 101 0 0 4 
7 0 7 0 0 0 
8 1 1 0 0 6 
6 0 0 0 0 6 
37 6 20 2 6 3 
15 0 0 5 0 10 
28 0 0 0 0 28 
14 2 7 0 1 4 
9 2 1 0 0 6 
57 15 5 10 1 26 
42 12 19 6 0 5 
1 1 0 0 0 0 
4 0 3 0 0 1 
13 0 1 0 0 12 
30 0 13 3 0 14 
44 6 2 6 2 28 
21 0 19 0 0 2 
31 16 13 0 1 1 
35 3 15 7 0 10 
85 49 4 7 3 22 
86 9 19 0 0 58 
6 0 1 0 0 5 
5 4 1 0 0 0 
19 7 7 3 0 2 
142 28 73 1 14 26 
17 0 7 10 0 0 
65 17 2 7 0 39 
112 0 0 29 0 83 
65 58 1 4 0 2 
13 12 1 0 0 0 
3 0 0 0 1 2 
131 18 95 1 0 17 
68 20 37 3 1 7 
114 4 11 10 0 89 
66 0 56 2 0 8 
2 0 2 0 0 0 
24 7 16 1 0 0 
64 3 20 1 0 40 
64 2 16 13 0 33 
14 0 0 1 1 12 
13 3 1 6 0 3 
97 0 2 5 47 43 
3 3 0 0 0 0 
72 22 32 5 0 13 
42 29 13 0 0 0 
30 3 12 4 0 11 
12 0 2 6 0 4 
19 1 9 1 0 8 
4 1 1 0 0 2 
57 26 9 6 0 16 
22 5 3 0 0 14 
63 0 26 3 0 34 
38 3 35 0 0 0 
4 0 0 4 0 0 
84 45 0 0 0 39 
66 21 29 2 0 14 
62 4 50 3 0 5 
19 6 2 0 0 11 
17 12 5 0 0 0 
2 1 1 0 0 0 
59 12 10 1 33 3 
21 5 1 0 0 15 
83 1 37 2 20 23 
103 3 77 9 4 10 
41 2 22 3 5 9 
15 1 12 0 1 1 
2 0 0 0 2 0 
18 1 2 0 0 15 
18 1 13 0 0 4 
145 17 85 2 0 41 
59 3 52 2 2 0 
31 5 5 12 0 9 
99 0 0 18 0 81 
8 0 0 0 0 8 
16 0 6 0 6 4 
64 0 34 14 13 3 
10 0 5 2 1 2 
7 0 0 7 0 0 
57 0 9 23 17 8 
260 1 84 64 37 74 
141 0 96 18 17 10 
35 0 9 4 16 6 
58 1 15 12 26 4 
10 2 1 3 1 3 
84 34 32 5 0 13 
60 1 53 6 0 0 
406 4 264 12 11 115 
10 0 10 0 0 0 
28 0 5 4 9 10 
21 1 12 4 4 0 
19 0 9 7 3 0 
18 0 9 9 0 0 
2 0 0 0 0 2 
17 2 2 0 2 11 
36 1 6 1 0 28 
22 22 0 0 0 0 
29 1 16 9 1 2 
9 7 1 0 0 1 
10 3 0 0 0 7 
67 27 1 1 0 38 
13 0 5 0 0 8 
77 34 40 0 1 2 
4 0 4 0 0 0 
82 6 29 4 7 36 
21 8 8 0 0 5 
23 4 3 0 0 16 
171 59 48 0 1 63 
107 4 49 7 0 47 
77 0 77 0 0 0 
80 0 0 31 0 49 
112 3 30 31 7 41 
36 0 11 4 2 19 
4 0 4 0 0 0 
32 9 20 1 0 2 
23 1 18 1 0 3 
20 4 0 3 11 2 
21 15 1 2 0 3 
41 14 4 16 0 7 
52 13 15 4 0 20 
2 0 0 0 0 2 
43 1 35 0 0 7 
4 0 4 0 0 0 
26 5 2 0 0 19 
17 3 0 8 1 5 
6 0 1 0 5 0 
57 0 9 4 13 31 
17 8 0 1 0 8 
25 0 25 0 0 0 
25 0 0 0 0 25 
6 2 0 0 0 4 
26 12 4 3 0 7 
13 0 1 5 7 0 
37 0 0 6 31 0 
70 0 44 12 7 7 
53 53 0 0 0 0 
8 0 3 0 3 2 
6 0 0 3 3 0 
22 0 3 0 14 5 
93 0 0 7 77 9 
43 1 38 2 0 2 
16 2 7 0 5 2 
74 8 15 7 0 44 
136 124 8 4 0 0 
11 10 0 1 0 0 
6 0 0 0 0 6 
9 2 0 1 0 6 
4 0 0 1 0 3 
2 2 0 0 0 0 
9 4 4 0 0 1 
59 5 14 23 0 17 
25 0 5 0 5 15 
31 10 20 0 0 1 
8 7 1 0 0 0 
25 0 19 3 1 2 
65 10 9 8 0 38 
35 30 4 0 0 1 
52 24 16 3 0 9 
7 0 0 0 0 7 
1 1 0 0 0 0 
18 0 1 1 15 1 
13 0 0 0 7 6 
10 0 0 1 9 0 
8 0 2 2 4 0 
18 0 1 0 17 0 
188 46 119 11 0 12 
76 1 32 8 6 29 
62 5 32 0 0 25 
136 18 107 1 0 10 
1 0 1 0 0 0 
2 0 1 0 0 1 
35 9 22 2 2 0 
18 1 1 0 5 11 
22 1 14 7 0 0 
47 1 5 6 0 35 
59 10 1 3 0 45 
10 0 10 0 0 0 
115 3 1 14 0 97 
1 1 0 0 0 0 
58 1 56 0 0 1 
49 0 2 38 0 9 
14 0 7 0 0 7 
1 0 1 0 0 0 
79 13 38 8 1 19 
40 0 37 2 0 1 
9 1 2 0 0 6 
14 1 2 0 0 11 
45 0 5 0 0 40 
24 2 21 0 0 1 
44 2 6 2 0 34 
114 30 59 1 3 21 
6 0 5 1 0 0 
32 13 0 0 0 19 
17 0 16 1 0 0 
54 3 34 9 0 8 
20 5 3 3 0 9 
18 4 5 3 0 6 
98 10 65 2 3 18 
57 1 23 21 0 12 
1 1 0 0 0 0 
1 0 0 0 0 1 
1 0 0 0 0 1 
17 2 7 0 0 8 
22 4 5 0 1 12 
17 1 0 1 0 15 
48 1 21 0 1 25 
12 3 3 0 0 6 
13 0 4 0 0 9 
4 1 0 1 0 2 
78 3 31 11 0 33 
26 15 5 0 0 6 
36 0 0 18 0 18 
5 0 5 0 0 0 
15 0 0 0 0 15 
186 1 4 2 1 178 
10 0 5 0 0 5 
120 101 16 0 1 2 
73 0 11 1 2 59 
12 4 5 0 0 3 
39 4 5 5 0 25 
25 1 20 4 0 0 
30 0 0 2 0 28 
16 7 9 0 0 0 
5 0 5 0 0 0 
11 10 1 0 0 0 
5 2 2 0 0 1 
46 15 11 0 0 20 
56 0 56 0 0 0 
72 71 1 0 0 0 
28 23 5 0 0 0 
35 32 0 3 0 0 
24 2 9 5 0 8 
5 3 0 0 0 2 
3 0 2 0 0 1 
37 0 4 2 8 23 
19 6 0 4 0 9 
2 0 2 0 0 0 
2 0 0 0 0 2 
18 0 15 1 1 1 
91 6 31 7 0 47 
50 11 13 12 0 14 
17 0 16 0 0 1 
27 1 10 2 0 14 
8 0 7 0 1 0 
18 0 15 0 0 3 
37 1 11 4 0 21 
49 7 42 0 0 0 
9 0 1 2 0 6 
8 0 7 1 0 0 
79 2 23 28 0 26 
57 2 0 15 27 13 
7 0 7 0 0 0 
84 37 19 3 0 25 
5 0 5 0 0 0 
17 3 8 1 0 5 
7 4 2 1 0 0 
16 3 0 0 0 13 
2 0 0 0 2 0 
1 0 1 0 0 0 
18 1 0 1 0 16 
7 0 0 1 0 6 
18 3 11 1 0 3 
1 0 0 0 0 1 
68 35 26 1 0 6 
18 4 11 1 0 2 
18 0 9 9 0 0 
78 0 0 24 1 53 
4 0 4 0 0 0 
13 0 12 1 0 0 
23 7 10 1 0 5 
26 1 20 1 0 4 
24 0 0 1 0 23 
22 8 12 1 0 1 
4 3 1 0 0 0 
29 0 13 2 2 12 
42 4 5 7 0 26 
19 0 0 0 14 5 
47 7 4 0 0 36 
16 2 11 1 0 2 
22 7 2 3 1 9 
26 0 12 1 5 8 
21 0 20 0 1 0 
21 11 0 0 3 7 
5 3 2 0 0 0 
29 9 0 0 10 10 
54 33 20 0 0 1 
83 79 0 0 0 4 
37 11 23 3 0 0 
69 5 51 1 0 12 
26 9 11 3 0 3 
7 3 0 0 0 4 
1 0 0 0 0 1 
8 0 1 0 0 7 
17 6 4 0 0 7 
27 0 1 2 0 24 
47 23 23 0 0 1 
7 1 2 3 0 1 
25 1 0 5 0 19 
6 5 1 0 0 0 
12 0 0 0 0 12 
16 0 10 5 0 1 
13 1 5 0 0 7 
33 0 0 0 0 33 
157 19 48 39 0 51 
8 0 0 1 0 7 
37 0 0 1 0 36 
26 7 7 1 2 9 
12 0 11 0 0 1 
26 3 2 1 0 20 
46 0 12 15 0 19 
31 0 31 0 0 0 
26 0 0 0 0 26 
52 2 1 20 0 29 
18 0 18 0 0 0 
50 0 16 1 9 24 
4 1 3 0 0 0 
10 1 6 0 0 3 
30 10 13 3 1 3 
28 1 20 0 0 7 
3 0 0 0 3 0 
3 0 0 0 0 3 
25 5 0 1 0 19 
2 0 2 0 0 0 
3 0 0 2 0 1 
32 11 11 2 4 4 
18 18 0 0 0 0 
30 3 8 3 0 16 
7 7 0 0 0 0 
27 0 19 0 0 8 
25 4 17 0 0 4 
14 11 3 0 0 0 
6 6 0 0 0 0 
20 7 1 1 0 11 
30 28 2 0 0 0 
28 27 1 0 0 0 
10 6 4 0 0 0 
65 58 1 3 0 3 
37 13 10 3 0 11 
13 0 12 1 0 0 
8 0 4 0 0 4 
10 8 1 0 0 1 
19 0 17 2 0 0 
43 40 0 1 0 2 
21 8 6 0 0 7 
3 0 3 0 0 0 
3 0 0 0 0 3 
6 4 2 0 0 0 
6 0 0 0 0 6 
8 6 2 0 0 0 
9 0 1 0 0 8 
34 7 20 7 0 0 
8 1 2 2 0 3 
59 40 1 1 0 17 
11 0 10 1 0 0 
37 6 21 3 1 6 
28 0 7 2 0 19 
5 0 0 0 0 5 
6 0 6 0 0 0 
11 0 11 0 0 0 
10 6 0 4 0 0 
16 9 6 1 0 0 
36 1 31 3 0 1 
4 2 0 0 0 2 
22 6 6 0 0 10 
28 14 12 0 2 0 
2 0 2 0 0 0 
41 1 17 7 0 16 
11 0 0 0 0 11 
27 13 10 4 0 0 
4 4 0 0 0 0 
15 7 1 0 0 7 
22 9 0 0 0 13 
28 2 24 0 1 1 
33 0 23 0 6 4 
22 0 1 0 0 21 
40 15 25 0 0 0 
8 0 4 1 0 3 
16 0 1 8 0 7 
8 1 6 0 0 1 
15 0 0 1 0 14 
23 5 9 0 0 9 
7 6 1 0 0 0 
13 0 1 4 0 8 
7 0 7 0 0 0 
10 1 2 0 0 7 
29 1 7 13 0 8 
2 0 0 0 0 2 
4 0 0 2 1 1 
14 5 7 0 0 2 
2 0 0 0 0 2 
20 1 0 1 0 18 
7 0 4 0 3 0 
7 0 0 2 3 2 
85 20 0 0 0 65 
5 1 4 0 0 0 
1 0 0 0 0 1 
6 2 1 0 0 3 
37 0 9 0 1 27 
101 1 8 3 4 85 
15 14 1 0 0 0 
15 14 0 0 0 1 
62 0 0 2 0 60 
13 1 11 0 0 1 
1 0 0 0 0 1 
9 0 6 0 0 3 
18 1 5 2 1 9 
6 3 2 1 0 0 
24 0 10 1 0 13 
24 7 0 5 0 12 
18 4 1 0 0 13 
11 2 9 0 0 0 
18 7 5 0 0 6 
4 0 2 0 2 0 
48 6 6 12 0 24 
10 1 1 3 3 2 
34 0 17 2 5 10 
8 0 5 0 0 3 
13 0 0 2 0 11 
21 2 12 7 0 0 
4 0 4 0 0 0 
4 0 0 1 0 3 
9 1 0 3 3 2 
49 11 31 0 0 7 
22 2 19 0 0 1 
15 0 15 0 0 0 
12 6 3 2 0 1 
19 2 8 6 0 3 
6 0 1 0 0 5 
2 1 1 0 0 0 
7 7 0 0 0 0 
8 0 8 0 0 0 
16 2 7 6 0 1 
27 8 12 3 1 3 
97 4 57 11 0 25 
35 0 2 1 0 32 
8 1 7 0 0 0 
6 0 3 1 0 2 
25 4 7 0 0 14 
8 1 2 5 0 0 
20 0 19 0 0 1 
5 1 3 1 0 0 
42 3 22 3 2 12 
15 0 0 8 0 7 
20 16 4 0 0 0 
11 4 0 1 0 6 
20 0 12 4 0 4 
29 9 14 1 0 5 
11 0 6 4 0 1 
9 0 8 0 0 1 
25 0 25 0 0 0 
16 2 11 0 3 0 
104 0 0 46 1 57 
22 0 9 13 0 0 
58 4 48 1 1 4 
19 2 12 0 0 5 
38 5 15 1 0 17 
49 2 0 0 0 47 
2 0 2 0 0 0 
6 1 5 0 0 0 
30 1 4 0 0 25 
77 9 44 2 2 20 
34 16 9 2 0 7 
16 0 16 0 0 0 
12 7 5 0 0 0 
19 0 15 0 0 4 
85 8 60 0 0 17 
5 4 0 0 0 1 
10 0 5 5 0 0 
16 3 10 3 0 0 
44 28 16 0 0 0 
22 7 13 0 0 2 
9 3 6 0 0 0 
24 16 8 0 0 0 
2 0 0 0 0 2 
16 0 16 0 0 0 
50 6 15 4 1 24 
4 0 1 3 0 0 
59 13 15 18 0 13 
17 5 0 3 0 9 
26 10 4 0 1 11 
27 0 17 1 5 4 
9 8 1 0 0 0 
3 2 0 0 0 1 
23 7 1 0 2 13 
29 4 11 3 1 10 
5 1 4 0 0 0 
48 5 0 4 0 39 
11 1 3 1 0 6 
44 11 16 4 4 9 
14 3 10 0 0 1 
5 0 5 0 0 0 
9 0 2 0 0 7 
6 0 0 1 0 5 
19 8 9 0 1 1 
2 0 1 0 0 1 
34 0 9 7 0 18 
3 0 2 0 0 1 
28 0 5 0 0 23 
10 0 7 2 0 1 
81 7 16 5 0 53 
7 1 2 0 0 4 
2 1 0 0 0 1 
17 3 12 0 2 0 
10 0 10 0 0 0 
49 0 3 1 0 45 
10 5 5 0 0 0 
29 0 11 2 0 16 
30 2 2 6 0 20 
26 6 16 2 0 2 
15 3 2 3 1 6 
14 10 4 0 0 0 
32 17 7 2 0 6 
20 0 0 1 0 19 
12 5 3 1 0 3 
6 1 2 0 0 3 
20 1 1 2 0 16 
10 0 0 3 2 5 
13 1 0 0 0 12 
29 1 23 0 4 1 
5 3 0 0 0 2 
57 3 52 1 0 1 
1 0 0 0 0 1 
9 0 9 0 0 0 
15 8 0 2 0 5 
1 1 0 0 0 0 
14 0 5 2 0 7 
11 0 9 0 0 2 
21 3 14 0 3 1 
44 2 26 0 0 16 
15 8 1 2 0 4 
8 0 0 0 0 8 
24 22 1 1 0 0 
12 6 3 0 0 3 
8 4 4 0 0 0 
3 2 1 0 0 0 
43 5 36 0 0 2 
16 1 2 2 0 11 
4 0 0 1 0 3 
17 6 9 0 0 2 
31 17 9 0 0 5 
12 2 6 1 2 1 
1 0 1 0 0 0 
16 0 0 13 1 2 
50 0 43 1 0 6 
4 0 0 0 0 4 
8 2 1 1 0 4 
2 0 0 1 0 1 
4 2 0 0 0 2 
10 6 3 0 0 1 
19 1 0 0 0 18 
7 0 0 0 0 7 
10 1 6 1 1 1 
5 0 4 0 0 1 
21 0 3 4 0 14 
52 4 5 5 0 38 
12 6 3 0 0 3 
12 0 11 0 0 1 
25 1 0 1 0 23 
21 1 9 8 0 3 
11 1 0 1 0 9 
17 2 6 0 0 9 
48 5 41 1 1 0 
42 2 7 0 0 33 
9 3 6 0 0 0 
4 0 3 0 0 1 
2 1 0 0 0 1 
1 1 0 0 0 0 
13 3 0 0 0 10 
5 0 4 0 0 1 
13 6 3 0 0 4 
15 1 4 0 0 10 
1 0 1 0 0 0 
1 0 0 0 0 1 
5 0 5 0 0 0 
7 0 0 0 7 0 
20 2 3 0 0 15 
19 1 0 3 0 15 
9 0 9 0 0 0 
10 0 2 0 8 0 
16 10 2 0 0 4 
22 2 5 0 0 15 
19 1 11 0 6 1 
7 0 0 0 0 7 
9 0 5 0 0 4 
25 1 0 0 0 24 
18 2 14 0 0 2 
13 1 9 0 2 1 
7 0 7 0 0 0 
7 0 7 0 0 0 
9 0 2 3 0 4 
5 2 2 1 0 0 
4 0 0 0 0 4 
2 1 1 0 0 0 
5 0 0 0 0 5 
26 2 19 2 0 3 
5 0 5 0 0 0 
1 1 0 0 0 0 
1 0 0 0 0 1 
17 4 9 1 0 3 
32 0 10 0 0 22 
12 1 7 0 0 4 
1 1 0 0 0 0 
2 0 1 0 0 1 
49 1 29 5 0 14 
16 9 7 0 0 0 
21 1 1 1 0 18 
2 0 0 0 0 2 
3 0 3 0 0 0 
30 0 29 0 0 1 
13 0 13 0 0 0 
1 0 1 0 0 0 
23 1 17 3 1 1 
15 6 1 0 0 8 
22 0 22 0 0 0 
10 0 1 3 0 6 
9 0 9 0 0 0 
13 1 12 0 0 0 
2 0 0 0 1 1 
13 0 9 1 0 3 
20 3 1 1 1 14 
17 4 9 2 0 2 
52 0 52 0 0 0 
17 1 6 1 0 9 
34 4 14 0 0 16 
38 3 11 7 0 17 
52 8 14 11 2 17 
68 61 0 0 0 7 
18 1 0 4 1 12 
25 0 17 1 0 7 
66 14 1 19 2 30 
2 0 0 0 0 2 
10 0 0 0 0 10 
11 0 11 0 0 0 
4 1 1 0 2 0 
3 0 3 0 0 0 
6 5 0 0 1 0 
29 0 20 0 0 9 
1 0 0 1 0 0 
1 0 1 0 0 0 
1 1 0 0 0 0 
4 0 3 0 0 1 
73 73 0 0 0 0 
26 8 12 1 1 4 
5 1 1 2 0 1 
18 1 17 0 0 0 
4 0 0 0 0 4 
1 0 0 0 0 1 
4 1 2 0 1 0 
9 1 0 0 0 8 
19 1 18 0 0 0 
4 1 2 0 1 0 
20 0 0 0 0 20 
22 2 5 2 0 13 
51 11 17 6 0 17 
23 0 0 0 0 23 
21 5 3 1 0 12 
16 0 15 0 1 0 
15 0 0 2 0 13 
5 5 0 0 0 0 
1 0 1 0 0 0 
3 0 1 0 1 1 
6 0 0 3 0 3 
8 0 0 0 0 8 
9 1 7 0 0 1 
2 0 2 0 0 0 
10 4 5 0 0 1 
21 13 1 0 0 7 
9 3 2 0 0 4 
3 3 0 0 0 0 
4 2 1 0 0 1 
5 2 3 0 0 0 
7 0 2 1 0 4 
8 8 0 0 0 0 
22 4 2 1 0 15 
5 0 1 3 0 1 
9 0 2 1 2 4 
5 5 0 0 0 0 
10 0 3 7 0 0 
11 2 8 1 0 0 
13 0 0 0 0 13 
22 1 1 0 0 20 
23 0 6 0 10 7 
19 0 0 0 0 19 
74 4 64 4 0 2 
45 7 26 0 0 12 
15 0 15 0 0 0 
6 1 1 1 0 3 
9 0 3 0 6 0 
9 1 8 0 0 0 
19 2 9 0 3 5 
16 3 11 0 0 2 
37 1 11 0 0 25 
6 0 6 0 0 0 
6 2 2 0 0 2 
9 0 0 0 0 9 
5 0 0 0 4 1 
25 4 0 0 0 21 
15 0 5 0 0 10 
1 0 1 0 0 0 
6 2 2 0 1 1 
70 0 65 0 3 2 
13 8 5 0 0 0 
9 0 3 2 0 4 
7 0 0 0 0 7 
1 0 0 1 0 0 
6 1 4 0 0 1 
4 0 4 0 0 0 
2 0 0 0 0 2 
3 0 3 0 0 0 
7 0 0 0 0 7 
1 0 1 0 0 0 
21 0 0 0 0 21 
33 0 23 8 0 2 
12 0 1 7 0 4 
66 3 11 31 1 20 
12 2 0 4 0 6 
45 2 25 0 0 18 
10 1 0 0 0 9 
31 0 31 0 0 0 
11 0 11 0 0 0 
2 0 2 0 0 0 
16 0 14 0 2 0 
15 8 4 1 0 2 
42 0 42 0 0 0 
26 0 25 1 0 0 
26 0 0 25 1 0 
2 0 2 0 0 0 
10 1 0 7 0 2 
4 0 4 0 0 0 
2 1 0 0 0 1 
6 5 1 0 0 0 
8 0 7 0 0 1 
4 0 0 0 0 4 
14 0 0 0 0 14 
16 4 0 2 0 10 
6 0 3 0 0 3 
2 0 2 0 0 0 
21 4 0 6 2 9 
3 0 0 0 0 3 
2 0 2 0 0 0 
4 0 4 0 0 0 
14 1 0 0 0 13 
2 0 2 0 0 0 
21 0 21 0 0 0 
4 1 0 0 0 3 
36 1 1 29 0 5 
3 0 0 0 0 3 
14 1 0 0 0 13 
33 26 2 0 0 5 
25 0 15 0 0 10 
2 0 1 0 0 1 
2 2 0 0 0 0 
34 1 15 18 0 0 
6 6 0 0 0 0 
2 0 1 0 0 1 
4 3 1 0 0 0 
3 2 1 0 0 0 
6 0 0 0 0 6 
3 0 3 0 0 0 
4 0 2 0 0 2 
16 1 3 5 0 7 
3 2 1 0 0 0 
9 1 8 0 0 0 
10 0 0 0 0 10 
1 0 0 0 0 1 
1 0 0 0 0 1 
9 7 0 0 0 2 
25 0 1 2 0 22 
7 0 2 0 0 5 
10 8 2 0 0 0 
1 0 0 0 0 1 
11 0 0 1 0 10 
20 4 13 0 2 1 
4 1 0 1 0 2 
16 1 8 2 1 4 
1 0 1 0 0 0 
4 0 4 0 0 0 
4 0 0 1 0 3 
19 4 15 0 0 0 
6 0 3 3 0 0 
3 0 2 0 0 1 
7 0 4 1 0 2 
16 1 15 0 0 0 
3 0 3 0 0 0 
19 1 13 2 2 1 
14 0 7 1 0 6 
16 10 1 0 0 5 
4 4 0 0 0 0 
5 0 5 0 0 0 
5 0 0 5 0 0 
15 1 10 0 0 4 
2 0 2 0 0 0 
2 2 0 0 0 0 
2 2 0 0 0 0 
4 0 4 0 0 0 
4 0 0 4 0 0 
3 0 3 0 0 0 
1 0 1 0 0 0 
7 1 3 1 0 2 
3 1 2 0 0 0 
1 0 0 0 0 1 
6 0 1 2 0 3 
12 1 10 0 0 1 
9 2 3 0 0 4 
6 0 0 0 3 3 
16 7 8 0 0 1 
10 1 1 0 0 8 
1 1 0 0 0 0 
48 1 34 1 0 12 
2 0 0 2 0 0 
4 0 0 0 2 2 
14 11 2 0 0 1 
7 1 0 0 0 6 
5 4 1 0 0 0 
1 0 0 0 0 1 
10 8 1 0 0 1 
16 4 11 0 0 1 
4 2 1 0 0 1 
8 0 8 0 0 0 
4 0 4 0 0 0 
4 0 0 0 0 4 
11 0 11 0 0 0 
11 0 0 0 0 11 
4 0 2 2 0 0 
4 0 0 0 0 4 
9 0 4 1 0 4 
3 0 0 0 0 3 
14 4 4 0 0 6 
11 0 11 0 0 0 
8 1 1 1 0 5 
13 0 5 0 0 8 
5 0 5 0 0 0 
11 4 3 0 0 4 
4 0 1 2 0 1 
1 0 1 0 0 0 
13 0 6 6 1 0 
4 1 0 3 0 0 
9 0 3 0 6 0 
14 0 14 0 0 0 
6 1 1 0 1 3 
8 0 1 4 0 3 
26 0 0 0 6 20 
5 2 1 0 0 2 
47 0 28 2 0 17 
17 14 2 0 0 1 
16 15 0 0 0 1 
6 0 2 0 0 4 
1 0 0 0 0 1 
4 3 0 0 1 0 
1 0 1 0 0 0 
7 0 3 1 0 3 
5 0 5 0 0 0 
6 0 0 0 1 5 
5 1 2 0 0 2 
8 0 6 1 0 1 
6 0 0 1 1 4 
2 0 1 0 0 1 
7 0 4 0 0 3 
1 0 0 1 0 0 
11 0 11 0 0 0 
24 7 7 1 0 9 
7 1 4 0 0 2 
2 2 0 0 0 0 
11 0 3 0 3 5 
3 0 3 0 0 0 
3 0 0 1 0 2 
4 0 0 1 0 3 
3 0 3 0 0 0 
5 1 0 0 0 4 
24 23 0 0 0 1 
23 8 0 8 0 7 
8 0 1 0 0 7 
4 1 2 0 0 1 
4 0 0 4 0 0 
1 0 0 0 0 1 
5 0 4 0 0 1 
2 0 2 0 0 0 
6 6 0 0 0 0 
35 0 1 1 0 33 
4 0 0 1 0 3 
7 1 2 0 0 4 
5 0 2 0 3 0 
29 0 21 1 0 7 
17 0 2 0 0 15 
2 0 0 0 0 2 
5 0 5 0 0 0 
1 0 0 1 0 0 
13 5 7 0 0 1 
9 0 1 0 0 8 
9 0 2 1 0 6 
19 2 16 0 0 1 
9 1 2 0 1 5 
4 0 2 2 0 0 
29 18 7 0 4 0 
6 1 2 0 0 3 
11 7 1 1 0 2 
2 2 0 0 0 0 
1 0 0 0 0 1 
6 0 3 0 0 3 
7 0 7 0 0 0 
10 2 2 0 0 6 
2 0 1 0 0 1 
21 2 3 0 0 16 
11 5 6 0 0 0 
11 0 9 0 0 2 
2 1 1 0 0 0 
17 11 6 0 0 0 
7 0 5 1 0 1 
3 0 0 1 0 2 
21 0 0 10 2 9 
23 2 2 1 0 18 
7 0 7 0 0 0 
2 2 0 0 0 0 
9 0 9 0 0 0 
25 1 1 0 9 14 
12 11 1 0 0 0 
1 0 1 0 0 0 
1 0 0 0 0 1 
3 0 3 0 0 0 
3 0 0 0 0 3 
1 1 0 0 0 0 
3 1 0 0 0 2 
4 1 1 0 0 2 
8 0 0 1 0 7 
15 2 9 0 0 4 
23 6 5 9 1 2 
10 0 10 0 0 0 
5 0 3 0 0 2 
1 0 1 0 0 0 
4 0 3 0 0 1 
2 0 0 0 0 2 
1 0 1 0 0 0 
7 0 0 0 0 7 
7 4 0 0 0 3 
14 2 8 0 2 2 
14 2 0 2 1 9 
9 0 1 1 0 7 
16 1 9 2 2 2 
18 0 11 3 0 4 
9 0 0 0 1 8 
3 0 2 0 1 0 
3 0 0 2 0 1 
2 0 0 0 0 2 
15 0 0 15 0 0 
4 0 0 0 0 4 
1 0 1 0 0 0 
8 0 8 0 0 0 
3 0 2 0 0 1 
6 0 6 0 0 0 
47 0 43 0 0 4 
8 2 2 0 0 4 
9 0 4 4 1 0 
8 0 8 0 0 0 
18 10 5 0 0 3 
10 4 1 0 0 5 
10 3 0 0 0 7 
10 0 8 0 0 2 
4 0 2 1 0 1 
1 0 0 0 1 0 
18 0 18 0 0 0 
56 0 0 4 0 52 
12 0 8 0 0 4 
5 0 5 0 0 0 
9 3 0 3 0 3 
41 7 22 11 0 1 
3 0 0 1 0 2 
8 0 0 0 0 8 
3 0 3 0 0 0 
18 8 9 0 0 1 
16 2 3 3 0 8 
3 0 0 0 0 3 
8 0 5 0 3 0 
2 0 0 1 0 1 
20 3 14 1 2 0 
7 0 0 0 0 7 
46 0 37 0 8 1 
6 0 0 0 0 6 
6 2 4 0 0 0 
1 0 1 0 0 0 
2 0 2 0 0 0 
8 0 8 0 0 0 
28 26 0 0 0 2 
4 1 1 1 0 1 
11 2 5 0 0 4 
11 7 4 0 0 0 
16 1 10 0 0 5 
8 1 0 1 1 5 
4 0 2 0 2 0 
7 6 1 0 0 0 
3 0 1 0 0 2 
1 0 0 1 0 0 
5 3 1 0 0 1 
4 0 0 0 0 4 
19 1 13 0 0 5 
12 6 2 0 4 0 
2 0 2 0 0 0 
2 0 0 0 0 2 
13 1 8 3 0 1 
44 10 4 14 0 16 
1 0 1 0 0 0 
18 0 0 2 1 15 
1 0 1 0 0 0 
17 0 17 0 0 0 
6 2 2 1 0 1 
5 1 4 0 0 0 
4 0 2 0 0 2 
2 0 1 0 0 1 
2 0 2 0 0 0 
12 2 1 0 0 9 
3 2 0 0 1 0 
9 4 1 0 1 3 
1 0 0 0 0 1 
6 0 0 0 0 6 
6 0 2 0 0 4 
7 7 0 0 0 0 
9 0 1 0 0 8 
14 0 13 0 0 1 
9 2 6 0 0 1 
2 1 1 0 0 0 
14 0 14 0 0 0 
6 0 6 0 0 0 
39 1 35 0 0 3 
8 1 5 1 0 1 
1 0 0 0 0 1 
9 2 6 1 0 0 
6 1 2 0 0 3 
1 0 1 0 0 0 
9 0 0 0 0 9 
9 0 9 0 0 0 
34 0 33 0 0 1 
6 0 0 0 0 6 
3 0 0 0 3 0 
4 1 0 0 2 1 
11 1 8 0 0 2 
13 4 6 2 0 1 
5 0 2 0 3 0 
3 3 0 0 0 0 
12 0 12 0 0 0 
5 0 3 0 1 1 
9 4 2 0 0 3 
14 3 10 0 0 1 
6 1 2 0 0 3 
9 0 9 0 0 0 
8 3 5 0 0 0 
5 0 0 0 1 4 
5 0 0 0 0 5 
1 0 0 0 0 1 
5 1 3 0 0 1 
10 0 0 2 0 8 
6 5 0 0 1 0 
11 0 0 8 0 3 
4 0 4 0 0 0 
2 0 1 0 0 1 
6 0 0 6 0 0 
1 1 0 0 0 0 
8 2 1 1 0 4 
2 1 0 1 0 0 
2 2 0 0 0 0 
2 0 2 0 0 0 
2 1 0 0 0 1 
4 0 2 1 0 1 
10 0 8 0 0 2 
8 8 0 0 0 0 
4 0 4 0 0 0 
4 0 0 1 0 3 
1 0 0 0 0 1 
5 0 3 0 0 2 
6 0 2 0 0 4 
6 0 0 2 0 4 
3 3 0 0 0 0 
27 2 23 0 0 2 
6 5 0 0 0 1 
9 8 0 1 0 0 
2 0 2 0 0 0 
2 0 0 0 0 2 
26 0 23 0 0 3 
12 0 3 1 0 8 
5 1 1 0 0 3 
6 0 0 0 0 6 
1 0 0 0 0 1 
21 19 0 0 0 2 
10 2 8 0 0 0 
12 0 5 0 0 7 
3 0 1 0 0 2 
4 0 4 0 0 0 
18 1 7 1 0 9 
1 0 1 0 0 0 
4 0 3 0 0 1 
2 0 2 0 0 0 
24 0 0 3 0 21 
50 0 0 0 0 50 
21 6 8 7 0 0 
8 0 8 0 0 0 
4 2 1 0 0 1 
4 0 4 0 0 0 
2 0 0 0 0 2 
26 4 14 1 0 7 
5 1 3 0 0 1 
2 0 0 2 0 0 
3 0 0 0 0 3 
7 0 0 0 2 5 
2 0 0 0 0 2 
21 4 12 1 0 4 
5 0 0 0 0 5 
37 11 21 0 0 5 
11 0 0 0 0 11 
1 0 0 0 0 1 
7 4 3 0 0 0 
9 2 4 0 0 3 
5 0 0 0 0 5 
3 3 0 0 0 0 
3 0 3 0 0 0 
7 3 2 0 2 0 
6 0 5 0 1 0 
2 0 2 0 0 0 
3 0 3 0 0 0 
5 1 1 0 3 0 
8 0 6 0 1 1 
16 1 3 1 0 11 
4 0 0 1 1 2 
1 0 0 0 0 1 
1 0 0 0 0 1 
4 0 3 0 0 1 
1 0 0 1 0 0 
8 3 2 0 0 3 
4 0 4 0 0 0 
11 2 7 0 2 0 
2 0 1 0 0 1 
20 6 5 0 0 9 
4 0 2 1 0 1 
1 0 0 0 0 1 
10 1 0 1 0 8 
1 0 1 0 0 0 
13 0 8 3 0 2 
5 0 0 0 0 5 
3 1 1 0 0 1 
4 1 1 0 0 2 
30 1 29 0 0 0 
7 0 6 0 0 1 
2 0 1 1 0 0 
1 0 1 0 0 0 
2 0 0 0 0 2 
5 0 5 0 0 0 
5 0 0 0 0 5 
6 0 0 0 0 6 
3 2 0 0 1 0 
4 1 0 0 0 3 
10 2 8 0 0 0 
3 0 3 0 0 0 
6 0 6 0 0 0 
21 0 11 5 0 5 
2 1 1 0 0 0 
4 0 0 0 0 4 
32 7 22 0 0 3 
1 0 0 0 0 1 
8 0 1 0 0 7 
2 0 0 2 0 0 
4 0 4 0 0 0 
2 0 2 0 0 0 
1 0 0 1 0 0 
15 3 11 0 0 1 
12 0 12 0 0 0 
3 0 3 0 0 0 
3 0 3 0 0 0 
2 0 1 0 0 1 
3 1 0 1 0 1 
9 0 9 0 0 0 
1 0 1 0 0 0 
1 0 0 0 0 1 
3 0 0 0 0 3 
4 1 3 0 0 0 
7 1 6 0 0 0 
4 0 0 1 0 3 
7 2 2 0 0 3 
6 3 3 0 0 0 
3 0 0 2 0 1 
33 0 2 0 0 31 
9 0 9 0 0 0 
10 0 4 1 1 4 
1 0 0 1 0 0 
7 2 1 4 0 0 
7 4 3 0 0 0 
1 1 0 0 0 0 
1 1 0 0 0 0 
8 3 4 0 0 1 
6 0 6 0 0 0 
3 0 2 0 0 1 
8 0 8 0 0 0 
12 6 3 0 0 3 
6 2 1 0 0 3 
2 0 0 0 0 2 
19 11 2 0 4 2 
12 0 11 0 0 1 
2 0 0 0 2 0 
3 0 0 0 0 3 
2 0 2 0 0 0 
3 2 1 0 0 0 
11 5 6 0 0 0 
14 3 1 0 0 10 
18 0 1 0 0 17 
3 1 0 1 0 1 
1 0 0 0 0 1 
4 0 0 0 0 4 
14 0 14 0 0 0 
2 0 2 0 0 0 
7 0 7 0 0 0 
7 0 0 1 0 6 
3 2 0 0 0 1 
1 1 0 0 0 0 
3 0 3 0 0 0 
3 0 0 0 0 3 
13 5 4 1 3 0 
7 0 7 0 0 0 
1 1 0 0 0 0 
7 2 1 1 0 3 
6 3 3 0 0 0 
22 5 11 2 0 4 
3 0 3 0 0 0 
13 2 11 0 0 0 
8 3 3 0 0 2 
4 0 1 0 3 0 
7 1 0 0 0 6 
1 0 1 0 0 0 
1 0 0 0 0 1 
2 0 2 0 0 0 
5 4 0 0 0 1 
14 1 2 0 0 11 
13 2 11 0 0 0 
10 0 6 1 1 2 
3 0 0 0 0 3 
14 2 10 0 0 2 
1 0 0 1 0 0 
3 2 1 0 0 0 
2 2 0 0 0 0 
6 4 2 0 0 0 
10 0 5 0 0 5 
5 2 2 0 0 1 
1 1 0 0 0 0 
25 2 11 0 0 12 
13 0 7 6 0 0 
16 1 2 0 6 7 
1 0 1 0 0 0 
4 0 1 0 1 2 
1 0 1 0 0 0 
1 0 0 0 0 1 
1 0 0 1 0 0 
1 0 0 0 0 1 
22 2 11 1 5 3 
5 0 5 0 0 0 
3 3 0 0 0 0 
2 0 2 0 0 0 
1 0 0 0 0 1 
8 8 0 0 0 0 
5 0 5 0 0 0 
9 0 4 5 0 0 
5 3 1 0 0 1 
7 0 6 0 0 1 
2 0 2 0 0 0 
65 5 18 2 0 40 
1 0 0 0 0 1 
5 0 0 0 0 5 
4 0 0 0 2 2 
8 0 1 5 0 2 
2 0 0 0 0 2 
12 0 0 2 0 10 
7 1 1 1 0 4 
1 0 1 0 0 0 
1 0 1 0 0 0 
5 1 0 3 0 1 
9 1 0 0 0 8 
10 3 0 0 0 7 
1 0 1 0 0 0 
2 0 1 0 0 1 
3 0 3 0 0 0 
4 2 1 0 0 1 
2 0 0 0 0 2 
1 0 0 0 0 1 
1 0 0 0 0 1 
22 0 5 1 5 11 
4 0 2 1 0 1 
8 1 7 0 0 0 
7 1 5 1 0 0 
1 0 1 0 0 0 
1 0 0 0 0 1 
3 0 1 0 0 2 
1 0 1 0 0 0 
8 0 8 0 0 0 
8 0 0 0 0 8 
10 0 9 0 0 1 
3 0 2 0 0 1 
2 0 1 0 0 1 
6 3 2 0 0 1 
1 1 0 0 0 0 
6 6 0 0 0 0 
4 0 2 0 2 0 
3 3 0 0 0 0 
20 3 0 10 0 7 
1 0 1 0 0 0 
3 0 1 0 0 2 
4 1 3 0 0 0 
9 0 3 3 0 3 
16 5 10 1 0 0 
6 3 0 1 0 2 
1 0 1 0 0 0 
10 0 0 0 0 10 
3 0 3 0 0 0 
3 3 0 0 0 0 
10 1 0 1 0 8 
9 0 9 0 0 0 
2 0 0 0 2 0 
11 5 0 1 1 4 
1 1 0 0 0 0 
2 0 1 0 0 1 
24 3 15 2 0 4 
3 0 2 0 0 1 
1 0 1 0 0 0 
18 0 16 1 0 1 
6 2 0 0 0 4 
9 0 0 0 0 9 
2 0 0 1 0 1 
6 0 3 2 1 0 
6 0 0 0 0 6 
2 0 2 0 0 0 
10 7 3 0 0 0 
3 0 3 0 0 0 
1 0 0 1 0 0 
1 0 1 0 0 0 
7 0 7 0 0 0 
5 0 3 2 0 0 
10 6 4 0 0 0 
2 0 0 0 0 2 
6 3 2 1 0 0 
3 0 0 0 0 3 
10 0 10 0 0 0 
11 0 1 4 0 6 
15 6 0 1 0 8 
5 0 2 0 0 3 
2 0 0 2 0 0 
16 0 4 0 2 10 
2 1 1 0 0 0 
4 0 0 0 0 4 
2 0 0 0 0 2 
4 0 1 0 0 3 
2 0 2 0 0 0 
9 0 0 0 0 9 
6 0 6 0 0 0 
2 2 0 0 0 0 
9 0 7 0 0 2 
5 1 2 2 0 0 
2 2 0 0 0 0 
9 0 0 9 0 0 
9 1 1 2 0 5 
6 0 3 0 0 3 
2 0 2 0 0 0 
3 3 0 0 0 0 
2 0 1 0 0 1 
3 0 0 0 0 3 
8 0 2 1 1 4 
15 0 13 0 1 1 
1 0 1 0 0 0 
5 0 0 0 0 5 
4 1 3 0 0 0 
4 0 4 0 0 0 
2 0 2 0 0 0 
3 0 3 0 0 0 
1 0 1 0 0 0 
3 0 0 0 0 3 
3 0 0 0 0 3 
6 0 3 0 1 2 
27 0 1 2 0 24 
6 0 0 0 3 3 
2 0 1 0 0 1 
1 0 1 0 0 0 
7 1 5 0 0 1 
3 0 3 0 0 0 
6 0 0 0 0 6 
3 0 0 0 0 3 
3 0 3 0 0 0 
35 0 2 0 0 33 
2 0 2 0 0 0 
2 0 0 0 0 2 
2 0 2 0 0 0 
19 16 2 1 0 0 
3 0 3 0 0 0 
6 0 1 0 0 5 
1 0 1 0 0 0 
1 0 1 0 0 0 
4 1 0 0 0 3 
1 0 0 0 0 1 
1 0 0 0 0 1 
12 2 1 0 3 6 
8 3 5 0 0 0 
1 1 0 0 0 0 
2 2 0 0 0 0 
4 0 0 0 0 4 
13 1 2 4 1 5 
4 1 3 0 0 0 
6 0 1 5 0 0 
2 0 2 0 0 0 
2 0 2 0 0 0 
3 0 0 0 0 3 
17 0 17 0 0 0 
8 0 6 0 0 2 
1 0 0 0 0 1 
5 0 0 0 0 5 
3 2 0 0 0 1 
5 1 1 0 0 3 
11 0 5 5 0 1 
4 1 1 2 0 0 
2 1 1 0 0 0 
9 1 4 0 2 2 
13 1 0 0 0 12 
3 0 0 0 0 3 
1 0 1 0 0 0 
4 4 0 0 0 0 
9 4 4 0 0 1 
4 1 0 0 0 3 
4 0 4 0 0 0 
10 1 9 0 0 0 
3 1 0 0 2 0 
2 0 1 0 0 1 
1 0 1 0 0 0 
5 0 0 0 0 5 
4 4 0 0 0 0 
10 0 0 0 0 10 
11 2 4 0 1 4 
5 0 1 2 0 2 
4 0 4 0 0 0 
4 1 0 0 0 3 
7 0 0 0 0 7 
3 0 0 0 0 3 
3 0 2 1 0 0 
6 4 1 0 0 1 
4 0 0 0 0 4 
2 0 0 2 0 0 
12 1 5 2 2 2 
8 0 0 3 0 5 
9 0 0 1 0 8 
4 0 3 0 1 0 
7 0 0 0 0 7 
1 1 0 0 0 0 
8 2 4 0 1 1 
13 0 0 9 0 4 
2 0 2 0 0 0 
2 0 2 0 0 0 
5 0 1 0 0 4 
3 0 3 0 0 0 
6 1 1 0 0 4 
4 1 2 0 1 0 
2 0 0 0 0 2 
13 10 3 0 0 0 
3 0 0 0 0 3 
5 0 0 3 2 0 
3 0 0 0 0 3 
2 0 2 0 0 0 
2 0 1 1 0 0 
2 0 1 0 0 1 
2 1 0 0 0 1 
3 0 3 0 0 0 
2 0 1 0 0 1 
2 0 1 1 0 0 
3 0 3 0 0 0 
3 0 0 0 0 3 
5 0 5 0 0 0 
1 0 1 0 0 0 
2 0 1 0 0 1 
3 0 3 0 0 0 
3 0 0 0 0 3 
5 1 0 0 4 0 
3 0 3 0 0 0 
1 1 0 0 0 0 
11 0 11 0 0 0 
1 0 0 1 0 0 
2 2 0 0 0 0 
3 0 3 0 0 0 
5 1 3 0 0 1 
3 0 2 1 0 0 
11 2 4 0 0 5 
4 3 0 0 0 1 
1 0 1 0 0 0 
9 0 5 0 0 4 
2 2 0 0 0 0 
2 0 2 0 0 0 
2 0 0 0 0 2 
1 0 0 0 0 1 
4 0 2 0 0 2 
3 0 3 0 0 0 
3 0 0 2 0 1 
3 0 3 0 0 0 
3 0 0 0 0 3 
7 0 4 3 0 0 
1 0 0 0 0 1 
1 1 0 0 0 0 
1 1 0 0 0 0 
2 0 0 1 0 1 
1 1 0 0 0 0 
14 1 4 0 0 9 
1 0 1 0 0 0 
1 0 1 0 0 0 
5 0 0 5 0 0 
7 2 3 0 0 2 
28 0 14 12 0 2 
9 5 4 0 0 0 
5 0 1 1 1 2 
3 0 0 1 0 2 
5 0 2 3 0 0 
4 3 1 0 0 0 
12 0 3 0 0 9 
2 2 0 0 0 0 
4 0 3 0 0 1 
2 0 0 0 0 2 
1 0 0 0 0 1 
3 0 0 0 0 3 
15 4 6 2 0 3 
3 1 2 0 0 0 
1 0 1 0 0 0 
2 1 1 0 0 0 
2 0 2 0 0 0 
9 0 0 0 0 9 
5 2 1 0 0 2 
1 0 0 0 0 1 
1 0 0 0 0 1 
2 0 1 0 0 1 
1 1 0 0 0 0 
1 0 0 0 0 1 
5 5 0 0 0 0 
5 2 0 0 0 3 
1 0 0 0 0 1 
2 2 0 0 0 0 
2 1 0 0 0 1 
3 1 2 0 0 0 
1 1 0 0 0 0 
3 0 3 0 0 0 
1 0 0 0 0 1 
1 0 0 0 0 1 
11 6 2 2 0 1 
6 0 6 0 0 0 
2 0 0 0 0 2 
1 0 0 0 0 1 
2 0 0 0 1 1 
2 0 2 0 0 0 
1 0 0 0 0 1 
4 3 1 0 0 0 
1 1 0 0 0 0 
1 1 0 0 0 0 
1 0 0 0 0 1 
5 4 1 0 0 0 
2 0 0 0 0 2 
1 0 0 0 0 1 
1 1 0 0 0 0 
1 1 0 0 0 0 
4 1 1 0 0 2 
5 4 0 0 0 1 
5 0 0 0 0 5 
1 1 0 0 0 0 
3 0 3 0 0 0 
3 0 0 3 0 0 
1 0 1 0 0 0 
4 1 0 2 0 1 
1 0 1 0 0 0 
2 2 0 0 0 0 
4 2 0 0 0 2 
2 0 1 0 0 1 
1 0 0 0 0 1 
7 1 3 2 0 1 
3 1 2 0 0 0 
2 1 0 0 0 1 
2 2 0 0 0 0 
2 0 2 0 0 0 
12 0 1 0 5 6 
1 1 0 0 0 0 
1 0 1 0 0 0 
8 0 7 0 0 1 
1 0 1 0 0 0 
6 1 5 0 0 0 
6 3 0 2 0 1 
1 0 1 0 0 0 
1 0 0 0 0 1 
1 0 1 0 0 0 
7 1 0 3 0 3 
1 1 0 0 0 0 
2 0 2 0 0 0 
3 0 2 1 0 0 
2 0 1 0 0 1 
2 0 2 0 0 0 
2 0 0 0 0 2 
3 1 1 0 0 1 
1 0 1 0 0 0 
2 0 1 0 0 1 
2 0 0 0 0 2 
2 0 0 1 0 1 
7 0 0 0 0 7 
16 2 13 0 0 1 
4 0 3 1 0 0 
4 0 0 0 1 3 
1 1 0 0 0 0 
3 3 0 0 0 0 
2 1 1 0 0 0 
8 0 3 0 0 5 
1 1 0 0 0 0 
4 2 1 0 0 1 
4 0 4 0 0 0 
4 0 0 0 0 4 
1 0 1 0 0 0 
1 0 0 0 0 1 
2 0 1 0 0 1 
2 1 0 0 0 1 
4 1 3 0 0 0 
1 1 0 0 0 0 
1 1 0 0 0 0 
12 0 12 0 0 0 
1 0 1 0 0 0 
11 1 1 0 1 8 
2 1 1 0 0 0 
2 0 1 0 0 1 
2 0 0 0 0 2 
2 0 2 0 0 0 
1 0 0 1 0 0 
3 0 3 0 0 0 
2 0 2 0 0 0 
1 1 0 0 0 0 
12 12 0 0 0 0 
12 12 0 0 0 0 
12 12 0 0 0 0 
3 0 0 0 0 3 
1 0 1 0 0 0 
1 0 0 0 0 1 
3 0 1 0 0 2 
8 0 7 0 0 1 
2 0 2 0 0 0 
2 0 0 0 0 2 
7 0 0 0 0 7 
4 1 2 0 0 1 
2 0 2 0 0 0 
5 0 0 4 0 1 
3 0 0 0 0 3 
2 0 0 2 0 0 
1 0 1 0 0 0 
3 0 0 2 0 1 
1 0 0 0 1 0 
7 2 2 0 0 3 
2 0 2 0 0 0 
3 0 0 3 0 0 
2 0 2 0 0 0 
2 1 1 0 0 0 
8 4 0 0 1 3 
2 2 0 0 0 0 
4 0 1 0 0 3 
4 0 0 0 0 4 
1 0 1 0 0 0 
2 0 2 0 0 0 
1 0 1 0 0 0 
1 0 0 0 0 1 
2 0 2 0 0 0 
1 0 1 0 0 0 
3 0 0 0 3 0 
1 0 0 0 0 1 
3 0 0 0 0 3 
7 0 5 0 0 2 
3 0 2 1 0 0 
1 0 0 1 0 0 
4 0 0 2 0 2 
1 0 0 0 1 0 
2 0 2 0 0 0 
10 0 0 0 5 5 
7 7 0 0 0 0 
6 6 0 0 0 0 
5 5 0 0 0 0 
3 3 0 0 0 0 
8 0 8 0 0 0 
4 1 0 0 0 3 
2 0 2 0 0 0 
2 0 0 0 0 2 
5 1 1 1 0 2 
9 0 0 0 0 9 
1 0 1 0 0 0 
2 0 2 0 0 0 
2 0 0 0 0 2 
1 0 1 0 0 0 
3 1 1 0 1 0 
3 0 3 0 0 0 
4 0 0 1 0 3 
1 0 0 0 0 1 
1 0 1 0 0 0 
2 0 0 0 0 2 
1 0 1 0 0 0 
8 0 1 1 0 6 
21 0 0 0 0 21 
6 1 1 2 0 2 
1 0 1 0 0 0 
3 0 1 0 0 2 
3 0 0 0 0 3 
1 0 1 0 0 0 
2 0 2 0 0 0 
4 0 2 0 0 2 
2 0 2 0 0 0 
2 0 2 0 0 0 
8 0 2 0 2 4 
2 0 0 0 0 2 
1 0 1 0 0 0 
1 0 0 0 0 1 
3 0 1 1 0 1 
2 2 0 0 0 0 
1 1 0 0 0 0 
6 0 0 2 0 4 
1 0 1 0 0 0 
1 0 0 1 0 0 
1 0 1 0 0 0 
2 0 1 0 1 0 
2 0 0 0 0 2 
1 0 0 0 1 0 
3 3 0 0 0 0 
2 0 0 0 0 2 
1 0 0 0 0 1 
1 0 0 0 0 1 
1 0 0 0 0 1 
6 1 0 4 1 0 
2 1 0 0 0 1 
2 1 0 0 0 1 
1 0 0 1 0 0 
2 2 0 0 0 0 
1 0 0 0 0 1 
5 1 3 0 0 1 
4 4 0 0 0 0 
4 4 0 0 0 0 
6 6 0 0 0 0 
2 2 0 0 0 0 
1 0 1 0 0 0 
1 1 0 0 0 0 
3 0 0 0 0 3 
11 0 9 1 0 1 
2 0 2 0 0 0 
1 0 0 0 0 1 
1 0 1 0 0 0 
4 0 1 0 0 3 
1 0 0 0 0 1 
2 1 1 0 0 0 
1 0 0 0 0 1 
1 0 0 0 0 1 
2 0 0 0 0 2 
1 0 0 0 0 1 
4 0 3 0 0 1 
2 0 0 0 0 2 
2 2 0 0 0 0 
1 1 0 0 0 0 
1 0 0 1 0 0 
2 0 1 1 0 0 
6 2 0 0 0 4 
1 0 1 0 0 0 
1 0 0 0 0 1 
1 0 0 0 0 1 
8 0 0 0 0 8 
3 0 0 1 0 2 
2 0 1 0 0 1 
1 0 1 0 0 0 
1 0 0 0 0 1 
2 1 1 0 0 0 
1 1 0 0 0 0 
1 0 0 0 0 1 
2 0 2 0 0 0 
1 0 0 0 0 1 
3 1 2 0 0 0 
1 0 0 0 0 1 
1 0 1 0 0 0 
1 0 0 0 0 1 
1 0 0 0 0 1 
1 0 0 0 0 1 
3 0 1 1 0 1 
3 0 3 0 0 0 
1 1 0 0 0 0 
3 0 3 0 0 0 
2 0 0 1 0 1 
10 0 1 1 0 8 
2 0 0 0 0 2 
1 0 1 0 0 0 
1 0 0 0 0 1 
1 0 1 0 0 0 
2 0 1 0 0 1 
1 0 1 0 0 0 
1 0 0 1 0 0 
1 0 0 0 0 1 
2 0 2 0 0 0 
4 0 1 1 0 2 
1 0 1 0 0 0 
1 0 0 0 0 1 
1 0 0 0 0 1 
3 0 3 0 0 0 
2 0 0 0 0 2 
2 0 2 0 0 0 
8 0 8 0 0 0 
1 0 1 0 0 0 
1 0 0 0 1 0 
1 1 0 0 0 0 
23 5 10 1 2 5 
7 0 0 0 0 7 
6 5 0 0 0 1 
5 3 2 0 0 0 
3 0 0 3 0 0 
2 0 2 0 0 0 
12 0 12 0 0 0 
1 0 0 0 0 1 
4 0 2 0 0 2 
1 0 1 0 0 0 
2 0 0 0 0 2 
1 0 0 0 1 0 
1 0 0 0 0 1 
1 0 1 0 0 0 
6 0 6 0 0 0 
1 0 1 0 0 0 
5 0 4 1 0 0 
5 0 5 0 0 0 
1 0 0 0 0 1 
9 1 0 0 0 8 
1 0 0 0 0 1 
1 0 0 0 0 1 
1 1 0 0 0 0 
2 1 0 0 0 1 
3 0 3 0 0 0 
5 1 3 0 0 1 
4 0 0 0 4 0 
1 0 0 0 0 1 
3 0 0 2 0 1 
2 0 0 0 0 2 
1 0 1 0 0 0 
4 0 4 0 0 0 
3 0 3 0 0 0 
1 0 1 0 0 0 
1 1 0 0 0 0 
7 0 0 6 1 0 
1 0 1 0 0 0 
2 0 0 2 0 0 
1 0 0 0 0 1 
2 0 0 0 0 2 
1 1 0 0 0 0 
11 1 7 2 0 1 
7 2 5 0 0 0 
1 1 0 0 0 0 
2 0 0 2 0 0 
1 0 0 0 0 1 
1 0 1 0 0 0 
2 0 0 0 0 2 
1 0 1 0 0 0 
1 0 1 0 0 0 
8 2 4 0 0 2 
2 0 0 2 0 0 
2 0 2 0 0 0 
18 5 13 0 0 0 
2 2 0 0 0 0 
2 0 2 0 0 0 
1 0 1 0 0 0 
1 0 0 0 0 1 
1 0 1 0 0 0 
1 0 1 0 0 0 
1 1 0 0 0 0 
3 1 0 0 0 2 
2 0 2 0 0 0 
4 0 3 0 1 0 
2 1 0 0 0 1 
1 1 0 0 0 0 
1 1 0 0 0 0 
2 0 0 0 0 2 
2 1 0 0 0 1 
1 0 1 0 0 0 
1 1 0 0 0 0 
7 0 0 0 1 6 
1 0 0 0 0 1 
1 0 0 0 0 1 
1 0 1 0 0 0 
3 0 2 1 0 0 
6 0 3 2 0 1 
1 1 0 0 0 0 
1 1 0 0 0 0 
1 0 0 1 0 0 
1 0 0 0 0 1 
1 0 0 0 0 1 
1 0 1 0 0 0 
4 1 0 2 0 1 
2 0 0 1 0 1 
5 5 0 0 0 0 
1 0 1 0 0 0 
1 0 1 0 0 0 
2 0 1 0 0 1 
4 0 2 0 0 2 
2 0 2 0 0 0 
1 0 1 0 0 0 
1 0 0 0 0 1 
4 0 0 1 0 3 
8 8 0 0 0 0 
3 0 3 0 0 0 
1 0 1 0 0 0 
2 0 0 0 0 2 
4 0 0 2 1 1 
1 0 0 1 0 0 
1 1 0 0 0 0 
1 0 0 1 0 0 
2 0 2 0 0 0 
4 0 4 0 0 0 
1 0 0 0 0 1 
2 0 2 0 0 0 
2 0 0 0 0 2 
1 1 0 0 0 0 
2 0 0 1 0 1 
1 0 1 0 0 0 
1 0 0 1 0 0 
1 0 1 0 0 0 
1 1 0 0 0 0 
4 4 0 0 0 0 
5 2 0 0 0 3 
2 0 0 1 0 1 
3 0 0 0 0 3 
4 0 2 0 0 2 
2 2 0 0 0 0 
1 1 0 0 0 0 
2 0 0 2 0 0 
2 1 0 0 0 1 
2 0 0 1 0 1 
1 0 0 0 0 1 
1 0 0 0 0 1 
2 0 1 0 0 1 
1 0 1 0 0 0 
2 0 0 0 0 2 
2 0 0 0 0 2 
2 0 0 2 0 0 
1 0 0 0 0 1 
2 0 1 1 0 0 
1 0 0 0 0 1 
1 1 0 0 0 0 
1 0 1 0 0 0 
3 0 3 0 0 0 
1 0 1 0 0 0 
1 0 0 0 0 1 
2 0 2 0 0 0 
1 1 0 0 0 0 
4 0 4 0 0 0 
1 0 1 0 0 0 
1 0 1 0 0 0 
1 0 0 0 0 1 
2 0 0 0 0 2 
1 0 1 0 0 0 
4 0 3 0 0 1 
1 1 0 0 0 0 
1 1 0 0 0 0 
3 0 1 0 2 0 
5 0 0 0 2 3 
1 0 1 0 0 0 
2 1 0 0 0 1 
2 0 2 0 0 0 
1 0 0 0 0 1 
3 3 0 0 0 0 
1 0 0 0 0 1 
1 1 0 0 0 0 
1 0 0 0 0 1 
1 0 0 1 0 0 
9 0 0 9 0 0 
1 1 0 0 0 0 
2 0 2 0 0 0 
1 0 0 0 0 1 
1 1 0 0 0 0 
2 1 0 1 0 0 
1 0 1 0 0 0 
1 0 1 0 0 0 
1 0 0 0 0 1 
1 0 1 0 0 0 
3 0 1 0 0 2 
1 0 1 0 0 0 
1 0 0 0 0 1 
9 0 9 0 0 0 
1 0 1 0 0 0 
1 0 1 0 0 0 
1 0 0 0 0 1 
1 1 0 0 0 0 
3 0 3 0 0 0 
1 1 0 0 0 0 
1 0 0 0 0 1 
2 2 0 0 0 0 
3 0 0 0 0 3 
1 0 0 0 0 1 
1 0 1 0 0 0 
3 0 3 0 0 0 
2 0 0 1 0 1 
1 0 0 0 1 0 
2 0 2 0 0 0 
1 0 0 0 0 1 
2 0 1 1 0 0 
2 0 0 1 0 1 
2 0 0 0 0 2 
1 0 0 0 0 1 
30 0 15 0 0 15 
8 0 8 0 0 0 
1 1 0 0 0 0 
1 1 0 0 0 0 
2 0 0 0 2 0 
1 0 1 0 0 0 
1 0 1 0 0 0 
1 0 0 0 0 1 
3 0 3 0 0 0 
3 0 0 3 0 0 
2 0 2 0 0 0 
6 4 2 0 0 0 
1 0 0 0 0 1 
1 0 0 0 0 1 
2 2 0 0 0 0 
3 1 1 0 0 1 
1 0 0 0 0 1 
6 0 6 0 0 0 
3 3 0 0 0 0 
13 3 1 0 0 9 
4 0 2 2 0 0 
1 0 0 0 0 1 
5 1 0 0 0 4 
1 0 0 1 0 0 
1 0 1 0 0 0 
3 2 1 0 0 0 
1 0 0 0 0 1 
1 0 0 0 0 1 
2 0 0 0 0 2 
1 0 1 0 0 0 
2 0 2 0 0 0 
2 0 0 2 0 0 
2 0 2 0 0 0 
1 0 1 0 0 0 
1 0 0 0 0 1 
1 0 0 0 0 1 
1 1 0 0 0 0 
1 0 1 0 0 0 
1 0 0 1 0 0 
3 0 2 0 0 1 
1 0 1 0 0 0 
1 0 1 0 0 0 
2 2 0 0 0 0 
2 2 0 0 0 0 
2 2 0 0 0 0 
2 1 1 0 0 0 
2 2 0 0 0 0 
2 2 0 0 0 0 
2 2 0 0 0 0 
3 3 0 0 0 0 
5 5 0 0 0 0 
5 5 0 0 0 0 
1 0 0 0 1 0 
1 1 0 0 0 0 
1 0 1 0 0 0 
1 0 0 0 0 1 
2 0 2 0 0 0 
3 0 0 0 1 2 
1 0 1 0 0 0 
1 0 1 0 0 0 
1 0 0 0 0 1 
2 0 0 0 0 2 
1 0 0 0 0 1 
1 0 1 0 0 0 
2 0 2 0 0 0 
1 0 0 0 0 1 
1 0 0 0 0 1 
1 0 0 0 0 1 
1 1 0 0 0 0 
1 0 0 0 0 1 
2 0 0 0 0 2 
1 1 0 0 0 0 
3 0 0 0 0 3 
1 0 1 0 0 0 
1 0 0 0 0 1 
1 0 0 0 0 1 
1 0 1 0 0 0 
1 0 0 0 0 1 
1 0 1 0 0 0 
1 1 0 0 0 0 
6 6 0 0 0 0 
1 1 0 0 0 0 
1 0 0 0 0 1 
4 3 0 0 0 1 
1 1 0 0 0 0 
1 0 1 0 0 0 
1 0 1 0 0 0 
1 0 0 1 0 0 
2 0 1 0 0 1 
1 0 0 0 0 1 
2 0 2 0 0 0 
1 0 0 0 0 1 
2 0 0 1 1 0 
1 0 0 1 0 0 
2 0 1 0 0 1 
2 0 0 1 0 1 
1 0 0 0 0 1 
1 1 0 0 0 0 
38 2 4 0 0 32 
1 0 0 0 0 1 
1 0 0 0 0 1 
2 0 0 0 0 2 
3 0 0 2 0 1 
4 0 4 0 0 0 
1 0 0 1 0 0 
1 0 0 1 0 0 
1 0 1 0 0 0 
1 0 0 0 0 1 
1 1 0 0 0 0 
5 0 5 0 0 0 
1 0 0 0 0 1 
6 0 1 5 0 0 
1 0 0 0 0 1 
1 1 0 0 0 0 
1 1 0 0 0 0 
1 0 1 0 0 0 
1 0 0 0 1 0 
1 0 0 0 0 1 
4 0 0 0 0 4 
2 0 0 2 0 0 
1 0 0 0 0 1 
1 0 0 0 0 1 
1 0 1 0 0 0 
1 0 0 0 0 1 
1 0 1 0 0 0 
2 0 1 0 0 1 
1 0 1 0 0 0 
1 0 0 1 0 0 
1 0 0 0 1 0 
1 0 1 0 0 0 
1 0 0 0 0 1 
1 0 0 0 0 1 
1 1 0 0 0 0 
2 0 1 0 0 1 
1 0 0 0 0 1 
1 0 1 0 0 0 
2 2 0 0 0 0 
1 0 1 0 0 0 
2 0 0 2 0 0 
1 1 0 0 0 0 
1 0 0 1 0 0 
1 0 0 1 0 0 
2 0 0 0 0 2 
2 2 0 0 0 0 
2 0 2 0 0 0 
1 0 0 0 0 1 
1 1 0 0 0 0 
1 1 0 0 0 0 
1 0 1 0 0 0 
1 1 0 0 0 0 
1 0 0 0 0 1 
1 1 0 0 0 0 
1 0 1 0 0 0 
1 0 0 0 0 1 
2 0 1 1 0 0 
2 0 0 0 1 1 
1 0 0 0 1 0 
1 0 1 0 0 0 
1 1 0 0 0 0 
1 1 0 0 0 0 
1 1 0 0 0 0 
1 1 0 0 0 0 
1 0 1 0 0 0 
