10 24 1 0 1 23 0 12 0 4 0 0 0 0 0 1 13 34 116 2 1 0 0 0 9 0 4 0 0 0 35 14 121 0 3 224 0 8 0 1 
17 1815 23 242 127 1008 3 615 0 196 0 0 20 155 12 271 1673 332 22171 69 343 4 21 0 595 514 199 34 16 75 18799 27 1861 3 4688 13639 0 702 54 4 
0 147 62 0 2 8 1 154 0 4 0 0 14 2 0 30 9 0 11 0 0 0 0 0 280 0 6 0 1 2 5 52 11285 10 8 62 0 0 0 0 
0 21 19 90 4 503 0 232 0 86 0 0 11 4 0 6 21 16 515 2 7 1 0 0 45 1 10 1 1 1 347 2 518 1 406 2814 0 13 3 0 
1 181 2 119 316 101 0 33 0 134 0 0 6 110 0 126 144 38 11396 4 151 17 40 0 35 11 55 33 0 16 1582 4 238 2 1714 840 0 5 7 6 
13 2076 380 316 560 188 4 3168 0 229 0 14 266 568 0 465 1257 50 13070 733 2120 228 191 1 2879 18 2350 267 10 614 45 116 12591 22 3585 3247 0 1 56 33 
5 58 0 0 0 1 0 2 0 0 0 0 0 0 0 1 10 1 3 0 0 0 0 0 3 0 2 0 0 5 0 5 111 0 0 2 0 0 0 0 
86 12205 960 10 120 184 27 8551 0 83 0 0 885 31 1 586 1622 45 606 44 91 8 4 7 7321 25 614 14 8 154 587 702 61094 63 59 1143 0 20 113 10 
0 1 0 0 0 0 0 1 34 0 0 0 0 0 0 0 0 0 0 0 0 0 0 0 0 0 0 0 0 0 1 0 2 0 0 56 0 0 0 0 
6 388 299 30 81 276 3 2404 0 154 0 0 164 71 1 191 1414 52 2458 56 234 11 14 3 839 78 426 45 1 36 3911 82 8581 30 314 12598 0 31 42 3 
0 0 0 0 0 0 0 0 0 0 0 0 0 0 0 0 0 0 0 0 0 0 0 0 0 0 0 0 0 0 0 0 0 0 0 0 0 0 0 0 
0 5 0 0 2 0 0 0 0 2 0 0 0 9 0 1 0 1 39 0 1 1 1 0 0 0 0 0 0 0 0 0 1 0 14 0 0 0 0 0 
2 19 11 0 2 92 3 150 0 87 0 0 36 3 7 18 19 14 123 6 9 0 2 0 146 8 18 4 3 5 2764 9 572 1 15 5747 0 65 4 1 
0 261 100 17 568 368 0 543 0 557 0 0 16 2837 5 66 1047 64 6630 29 208 14 56 0 497 8 164 96 3 133 983 16 2604 17 1105 2417 0 3 4 3 
2 49 22 0 5 20 0 301 0 1 0 0 36 1 0 22 15 3 39 1 0 0 0 1 182 1 21 20 0 19 189 2 570 1 2 200 0 3 4 0 
1 125 45 9 15 330 0 384 1 184 0 0 24 29 0 49 125 28 1170 28 27 4 5 0 210 1 81 12 0 32 2175 17 1113 7 380 5555 0 44 2 0 
26 3052 43 113 348 204 0 617 0 487 0 1 141 166 0 144 5173 632 14517 45 402 3 107 1 483 43580 103 55 23 128 1071 95 4157 4 790 6136 0 28 47 11 
21 173 33 2 12 120 2 409 0 219 0 0 24 29 11 32 205 130 1087 27 256 99 15 1 294 5 69 16 4 119 508 49 1704 4 103 3793 0 33 13 0 
87 8343 2680 900 2211 16889 56 25267 1 16182 0 5 1622 2268 1553 1774 8784 1498 85690 11179 1583 228 305 19 13286 154 3020 906 40 2519 43494 516 70426 321 25138 124989 0 675 537 83 
1 233 141 1 160 972 2 1800 0 86 0 0 118 13 7 97 466 94 6617 29793 133 14 4 2 2584 2 280 85 4 1246 2286 712 7848 25 97 10973 0 23 22 4 
4 651 212 44 502 1011 0 1481 0 988 0 1 71 1128 1 284 1545 134 20248 204 3276 361 1153 0 1309 16 529 436 17 2982 4099 25 6191 13 1064 5245 0 12 9 24 
0 35 24 9 447 154 0 186 0 60 0 0 7 252 0 11 114 12 2135 39 1538 58 2 0 332 0 42 5 0 117 291 3 831 3 159 626 0 1 0 0 
0 80 8 2 74 91 0 85 0 55 0 1 5 52 5 18 141 10 3579 7 47 10 45 0 58 3 28 13 0 19 297 5 315 0 153 1821 0 0 2 11 
0 4 0 0 0 0 0 2 0 0 0 0 0 0 0 0 6 2 15 0 0 0 0 4 0 0 0 0 0 0 28 1 25 0 1 45 0 0 1 0 
12 2720 413 97 1166 20 2 1328 0 824 0 3 292 2095 0 617 4308 233 24475 2091 8926 1494 431 5 1032 55 8452 1546 69 5447 91 64 11110 30 1810 1430 0 1 112 49 
15 2494 109 131 786 270 0 1240 0 2439 0 2 225 540 2 278 1406 172 15866 99 456 37 150 2 712 65 256 112 18 227 2420 52 4347 9 1730 11548 0 101 133 28 
18 1964 427 109 335 648 8 6702 0 375 0 4 478 305 3 367 4021 920 13385 49 1340 16 48 4 3557 2495 1083 280 8 487 5167 69 16587 25 1501 3480 0 108 109 7 
1 176 25 11 66 85 1 444 1 51 0 1 32 36 0 49 310 26 2155 8 48 0 8 4 90 5 104 38 5 13 874 6 1566 4 254 1246 0 11 31 1 
0 13 4 0 1 5 1 86 0 15 0 0 1 1 0 1 24 8 69 5 8 0 2 0 69 1 4 1 66 35 43 17 198 0 6 255 0 2 1 0 
4 347 186 7 98 220 0 1868 0 1864 0 0 49 228 0 85 904 425 5497 166 674 50 52 0 2797 8 626 80 239 9134 2139 23 5606 7 413 6779 0 22 12 7 
52 11205 174 1735 2830 138 9 2837 0 465 0 9 856 1297 1 1053 11335 1151 65804 1632 3598 347 567 18 1339 237 3415 678 63 1150 472 104 10489 31 19205 9020 0 80 415 85 
19 117 4 10 22 30 0 62 0 18 0 0 12 82 2 8 144 135 892 26 99 4 8 2 140 5 131 11 7 87 129 18 488 0 41 1049 0 7 4 3 
134 13673 1739 1408 3447 4325 28 10028 2 4976 0 21 1723 3907 30 2197 22026 2517 69194 3314 10556 865 774 13 13769 1049 14541 1607 112 3444 49651 422 61203 269 9711 58538 0 1691 343 121 
0 21 20 0 0 0 0 41 0 2 0 0 0 0 0 1 0 0 9 0 0 0 0 0 5 0 0 0 0 0 3 2 964 2 5 28 0 0 0 0 
1 580 222 119 243 4308 0 2270 0 2443 0 0 98 89 3 137 353 218 32175 20 69 2 12 0 657 7 202 94 2 84 5253 21 5257 22 6952 24282 0 48 13 4 
123 6767 3632 214 2745 18394 50 23902 43 1978 0 15 2614 4437 90 2975 12068 677 50842 14461 15682 2422 2781 46 23392 299 25636 1228 204 9579 3383 536 60205 170 5164 19567 0 89 469 355 
0 0 0 0 0 0 0 0 0 0 0 0 0 0 0 0 0 0 0 0 0 0 0 0 0 0 0 0 0 0 0 0 0 0 0 0 0 0 0 0 
0 0 0 0 0 0 0 3 0 1 0 0 0 1 0 0 0 0 6 0 0 0 0 0 1 1 1 0 1 0 0 1 7 0 0 3761 0 30 0 0 
3 72 1 6 4 35 1 20 0 9 0 0 5 1 0 4 100 7 578 1 14 0 0 0 27 0 2 4 1 7 768 9 338 0 31 538 0 7 16 0 
0 12 1 0 13 9 0 15 0 6 0 0 2 0 1 0 17 7 275 3 2 1 1 0 10 10 1 2 0 1 56 0 45 0 27 350 0 0 0 1 
